97 66 57 23 83 55 80 20 92 14 65 69 13 78 7 47 4 27 52 91 78 39 14 51 26 66 49 92 31 95 47 7 48 25 44 30 0.23420885996893048
63 56 29 77 99 16 93 82 4 98 40 76 80 85 84 65 9 12 90 4 12 25 99 65 50 40 52 50 1 69 18 41 95 28 64 47 1.4059609319083393
73 83 19 45 34 93 25 80 39 8 40 88 65 47 90 33 62 85 44 19 67 16 66 47 61 48 66 6 74 50 70 34 62 3 27 38 1.0549121330259368
76 52 4 54 53 88 48 36 37 34 50 44 60 84 9 22 1 66 14 99 32 63 32 52 26 66 63 13 23 76 39 92 89 21 13 8 5.07979474007152
7 46 24 3 12 64 5 80 83 16 78 95 87 54 97 86 74 83 70 63 40 76 12 65 60 15 33 76 49 72 46 55 11 31 82 95 48.01164352300111
93 41 55 38 68 36 18 35 54 98 95 31 86 43 61 17 38 5 47 16 56 98 36 54 66 6 26 68 98 21 54 9 48 62 86 42 12.112923393025994
41 10 35 15 67 8 72 89 86 25 1 57 34 62 82 78 75 1 84 63 24 14 46 39 50 51 78 42 86 74 75 76 48 38 57 60 200.639860398951
77 40 73 20 99 62 14 74 98 88 86 53 31 68 99 63 90 57 94 42 28 20 97 76 39 13 60 74 89 90 27 34 24 92 29 22 0.8322199740214273
8 7 93 24 59 31 33 36 50 6 48 80 35 50 76 82 74 17 43 36 23 4 68 8 51 3 14 24 74 7 66 59 50 94 60 20 600.0
64 17 49 11 51 95 97 36 75 95 37 79 31 88 10 28 75 44 8 35 27 14 87 99 69 58 12 68 71 74 88 3 35 66 30 37 11.372725587920286
4 83 80 21 70 7 29 8 66 45 70 39 29 4 13 23 78 50 91 81 35 84 3 62 71 60 16 50 94 87 85 71 99 92 5 6 600.0
27 4 14 90 43 92 85 65 76 73 10 97 58 65 38 7 8 48 74 100 89 25 26 74 93 69 100 18 35 98 32 69 22 54 27 21 600.0
28 85 87 52 83 64 81 36 24 37 48 47 45 10 58 12 35 88 59 71 82 83 31 72 27 84 62 41 67 30 69 19 59 61 48 85 0.12037874199450016
43 96 10 20 89 73 99 81 37 51 69 34 38 50 42 23 26 92 11 6 43 20 8 89 51 3 18 87 41 64 93 14 63 60 74 59 600.0
84 22 71 10 65 5 60 15 15 29 56 25 40 70 35 18 21 44 93 44 76 10 46 6 70 61 57 92 52 81 7 10 62 77 6 96 600.0
30 32 15 100 38 76 69 14 93 50 22 84 14 23 61 7 17 32 21 95 97 32 22 69 58 47 94 32 66 13 2 24 47 31 15 80 0.6953712760005146
59 57 24 32 32 68 12 71 14 21 64 22 46 1 10 53 41 27 99 1 60 1 40 26 10 37 65 38 89 19 93 97 73 78 20 45 0.22814466594718397
40 38 96 29 46 78 98 59 13 71 19 80 40 71 17 9 34 66 55 19 6 15 34 67 20 59 20 95 25 63 42 45 39 76 20 46 23.99525790696498
3 75 93 35 9 66 54 46 58 61 91 83 38 11 83 13 47 72 37 69 78 78 8 59 60 42 59 26 63 24 59 64 94 44 87 14 600.0
56 39 58 19 32 70 49 79 37 61 82 3 19 56 87 6 17 18 43 70 89 80 68 86 22 93 83 70 21 91 57 69 91 16 26 38 1.601770701003261
80 56 68 40 87 37 21 75 25 55 40 89 7 31 19 67 11 45 16 90 57 31 9 91 57 9 17 14 100 8 47 51 31 24 48 31 505.130742427893
19 35 70 18 10 76 15 43 66 16 94 79 5 20 70 78 80 99 17 78 87 54 88 10 64 73 63 74 21 86 26 58 59 67 77 79 18.242517043021508
94 21 87 43 31 68 78 16 38 23 14 14 13 95 1 33 22 82 16 19 96 44 76 30 64 7 89 38 70 6 68 96 46 30 22 71 0.3168020809534937
91 53 5 83 60 27 69 59 74 74 17 80 91 6 22 48 51 78 98 57 45 89 8 37 36 52 30 46 91 47 8 19 34 15 79 72 600.0
72 44 68 53 45 18 100 36 1 51 31 37 34 14 9 49 68 29 87 72 13 53 87 77 97 69 74 76 45 10 31 9 56 61 80 70 0.6073569970903918
8 22 87 78 94 85 44 9 5 28 35 43 14 57 91 61 33 63 76 83 12 64 60 99 57 1 45 33 22 95 91 98 20 12 96 89 428.73688602796756
68 4 97 24 11 4 66 19 62 76 3 96 41 73 1 73 74 87 1 33 73 98 98 47 24 13 31 95 60 73 37 49 74 43 83 2 600.0
64 49 88 67 49 80 57 12 19 61 6 15 52 71 61 93 45 37 100 45 72 79 26 21 49 60 80 75 56 29 100 2 6 72 70 100 68.0401643589139
54 11 16 20 2 90 21 97 28 66 36 21 93 44 51 66 12 18 6 99 44 8 97 66 32 58 10 54 51 70 53 81 75 72 32 16 600.0
86 91 60 94 94 28 38 66 4 23 68 90 98 96 40 31 85 57 34 93 10 55 14 37 20 74 60 88 75 60 32 70 29 18 64 30 0.889594244887121
71 6 17 42 55 37 100 96 93 43 55 60 58 80 15 66 3 49 99 97 75 44 11 22 71 7 52 33 86 12 8 65 3 21 65 88 283.4181586309569
8 78 81 55 77 46 75 29 81 13 63 75 52 45 68 42 46 21 50 2 90 46 26 64 58 5 82 28 6 69 75 59 65 100 33 28 44.46208269102499
78 5 44 23 16 57 77 60 91 59 52 58 69 14 92 86 40 69 87 26 58 55 90 49 92 97 89 34 20 20 8 45 73 70 18 50 49.655754171079025
53 34 79 99 69 5 94 75 61 90 90 57 38 92 64 88 13 27 65 27 65 85 48 38 22 96 41 57 71 78 72 84 71 10 73 54 119.91111952194478
78 7 99 3 59 12 44 18 95 70 39 5 69 95 33 26 11 23 32 82 85 81 4 95 41 4 89 86 2 98 62 84 40 28 78 36 154.40454493300058
18 52 46 16 71 90 2 63 63 54 37 86 4 46 73 7 28 86 6 67 94 48 74 33 41 25 83 68 40 36 9 52 81 84 30 68 107.38565607508644
64 91 38 81 9 43 57 56 81 96 66 40 17 28 55 12 2 12 85 35 66 68 11 65 39 21 98 64 98 87 71 28 10 44 1 15 7.764370982069522
26 91 17 63 94 89 72 19 10 6 29 88 7 35 99 73 6 81 37 17 34 62 19 45 35 26 5 49 79 38 52 13 49 59 43 34 144.4486514129676
6 79 87 94 23 55 29 63 59 46 6 19 93 15 4 48 50 63 14 10 38 62 69 88 65 79 93 17 19 28 96 12 49 40 22 87 600.0
93 45 72 76 61 19 59 3 1 10 55 87 27 69 30 41 94 31 85 91 19 63 100 63 51 58 83 82 48 14 75 24 35 72 24 60 4.814780518994667
51 30 99 86 72 88 75 41 12 46 18 34 97 8 19 56 100 11 53 23 26 31 61 70 45 32 83 32 71 88 2 13 82 6 100 19 6.5509828380309045
57 20 88 62 58 14 13 23 67 35 3 70 40 91 98 45 46 80 67 75 50 99 85 57 61 67 68 77 93 17 36 35 99 44 62 92 0.14208384894300252
56 98 83 21 50 26 3 91 72 53 58 26 74 66 59 87 12 82 85 4 83 26 15 91 93 24 64 50 85 91 42 20 55 76 66 41 0.6541799400001764
26 73 8 71 56 35 71 36 9 20 16 23 42 18 95 3 8 42 78 93 49 31 55 16 15 25 34 48 92 18 69 78 88 28 66 58 600.0
32 87 5 36 54 23 45 13 57 75 53 22 33 55 44 13 79 70 98 21 43 73 14 49 73 41 76 54 42 25 49 85 21 34 61 20 40.576358890975825
26 48 69 97 85 60 10 5 47 63 60 24 59 31 46 44 90 12 43 22 7 46 81 9 90 77 38 78 15 24 30 36 49 47 75 24 16.72196273796726
41 30 83 85 3 43 5 71 28 73 8 8 9 69 72 89 20 61 77 86 96 53 5 69 94 33 41 41 42 45 53 3 89 23 42 3 36.898758152965456
79 33 25 73 4 90 39 85 64 49 26 90 15 21 35 1 95 97 80 16 89 38 44 65 53 15 64 42 52 58 17 51 49 56 51 37 174.44805083598476
96 24 73 25 85 42 59 97 18 18 31 100 35 99 96 7 38 64 38 74 12 33 67 25 80 52 69 72 92 39 52 17 81 29 77 86 273.9625591200311
49 59 14 8 22 51 68 17 54 96 77 12 37 23 16 45 53 27 97 74 94 10 98 54 25 40 17 71 13 32 42 20 25 68 47 54 34.79929514299147
22 73 4 41 41 13 5 87 95 43 43 76 68 28 9 57 67 36 2 97 74 64 28 48 54 28 42 97 66 16 63 35 75 35 23 29 56.129495206987485
23 85 89 19 46 51 16 55 98 41 70 92 47 89 82 8 81 56 29 22 63 55 99 49 46 87 16 49 22 56 51 7 43 6 34 98 600.0
23 40 8 49 93 56 100 56 85 22 24 72 35 91 47 72 16 12 16 48 52 20 52 54 24 61 11 9 40 2 73 52 36 53 67 79 0.5127392309950665
18 46 6 29 4 58 88 56 7 56 22 11 98 64 80 81 44 51 84 43 12 35 41 62 59 69 85 23 10 60 12 80 88 55 39 85 480.20106741506606
13 8 92 13 86 60 58 56 54 49 76 63 15 83 87 74 81 54 11 69 9 30 10 12 55 39 48 17 31 48 50 40 20 66 5 54 600.0
72 78 68 14 94 81 72 1 97 79 98 63 50 37 11 60 37 93 73 80 7 67 65 3 46 40 28 61 98 51 52 99 34 20 71 84 0.6732839290052652
18 38 30 9 94 81 16 91 52 3 56 61 96 82 73 48 40 90 74 68 92 95 41 56 96 14 85 52 42 16 63 93 81 29 33 44 72.64988966402598
84 94 63 71 79 70 1 54 99 71 89 83 95 34 11 59 34 18 91 13 80 42 5 77 60 80 44 56 75 2 41 98 8 17 63 13 0.08720848802477121
38 77 62 64 22 78 68 14 66 57 58 65 100 22 53 26 37 61 36 94 55 68 56 88 42 79 39 3 12 19 8 74 7 86 83 40 2.4941376589704305
52 64 32 60 94 44 39 6 9 46 3 31 56 56 44 80 57 78 68 41 90 40 78 42 84 78 20 99 10 23 6 45 54 98 59 92 0.06812299496959895
99 97 49 89 31 67 78 35 96 74 68 95 90 94 33 53 97 81 92 9 55 22 59 79 11 72 5 21 4 82 27 23 52 58 91 29 10.865669199964032
9 97 23 1 17 18 43 57 50 4 30 87 47 35 72 100 15 51 100 1 30 1 84 20 57 51 99 85 74 55 40 45 18 19 65 43 58.01702468900476
61 63 69 54 15 92 98 95 1 27 38 30 37 3 11 8 3 43 98 43 93 12 45 36 34 72 71 20 94 75 73 15 42 18 17 73 3.7826622219290584
68 47 50 6 77 90 4 51 36 91 83 39 55 45 42 79 61 75 55 50 9 18 32 37 15 44 5 14 7 50 41 89 72 68 29 15 0.696467197034508
53 36 70 100 66 13 10 85 16 14 17 33 47 93 46 7 75 1 2 98 64 11 57 82 67 18 78 23 33 86 97 19 51 65 69 65 2.2785911590326577
71 58 81 85 74 60 68 37 91 16 87 66 20 26 90 27 17 10 86 39 27 56 11 94 93 26 97 51 48 64 67 2 99 5 61 21 80.22117381205317
5 43 1 81 33 70 71 46 41 55 98 1 32 30 35 27 18 39 83 4 86 27 94 50 44 44 58 52 81 99 72 56 28 4 60 11 600.0
71 62 9 78 95 64 77 63 77 47 75 87 14 3 86 81 21 81 44 8 61 31 22 85 80 85 77 54 28 54 45 96 4 43 62 89 0.2471347430255264
60 80 63 23 38 37 5 46 71 86 45 96 97 68 28 12 47 17 69 78 94 48 42 97 44 81 15 29 45 3 56 59 9 56 65 78 0.13364780601114035
47 15 38 41 10 38 95 67 7 12 72 53 1 93 60 70 41 56 69 3 78 56 5 28 81 10 98 7 81 63 5 35 53 91 5 88 1.4315158730605617
82 19 38 9 14 89 95 5 40 90 35 51 66 3 65 53 74 63 48 20 27 6 80 28 93 67 72 17 11 57 14 26 92 42 17 32 600.0
11 34 3 26 50 41 50 64 2 41 47 24 15 95 28 71 29 1 76 21 45 78 39 31 29 22 11 55 59 26 62 83 88 100 13 84 555.7662093039835
85 72 79 75 15 80 46 65 4 35 42 87 44 86 29 27 31 11 80 88 38 14 38 11 64 68 97 53 84 87 88 7 9 77 75 89 0.10152013693004847
91 12 43 15 18 64 95 91 6 85 71 78 49 31 32 95 1 62 76 90 62 3 59 63 48 63 50 6 80 77 16 77 73 20 61 84 600.0
25 18 70 92 24 48 51 76 80 70 69 9 10 39 91 59 13 45 82 94 31 82 37 4 89 52 97 21 67 18 97 23 32 2 58 6 15.826168464962393
48 28 59 90 20 35 95 95 51 59 83 65 43 7 39 58 92 28 15 27 51 78 99 97 80 65 21 85 63 63 98 77 76 32 85 88 1.018369618919678
74 58 64 95 8 35 41 73 56 82 38 59 44 24 32 48 26 66 11 66 24 79 52 4 1 59 14 87 99 71 25 56 2 47 92 95 3.7115233649965376
39 100 70 95 99 69 37 99 8 87 18 40 43 97 40 13 62 26 4 90 32 73 9 50 19 60 66 99 8 54 75 58 40 32 54 92 0.18314690596889704
57 100 18 9 49 83 36 85 97 77 32 54 14 90 52 87 90 23 87 15 67 96 71 41 87 75 54 8 48 100 86 56 93 15 74 46 212.85625559301116
65 87 90 55 63 5 40 78 38 6 67 46 48 52 2 69 98 33 52 17 85 30 80 39 62 16 29 56 95 31 77 97 7 32 31 50 0.394030413008295
8 24 17 76 87 49 58 20 21 10 23 59 79 70 51 13 40 23 25 11 63 42 60 36 53 34 46 29 25 30 97 38 53 1 66 61 600.0
34 15 34 82 9 86 64 59 74 54 89 74 100 41 100 71 93 53 45 64 20 70 65 29 85 51 56 63 30 12 29 85 51 16 65 7 20.9298788580345
19 46 25 70 46 17 94 10 12 37 67 70 25 86 36 27 48 96 6 6 72 97 25 39 43 49 66 52 68 59 50 43 46 6 77 93 27.306941071059555
97 59 65 34 9 66 46 18 12 99 3 37 10 84 40 57 77 49 40 83 13 100 45 70 71 100 51 73 3 9 6 75 69 73 93 46 30.480097729014233
74 67 37 97 63 48 78 58 1 54 88 62 55 50 6 40 89 15 66 17 93 34 51 23 58 58 80 59 20 18 76 27 89 94 69 76 2.100888498011045
73 19 82 72 59 23 92 77 44 30 67 29 86 8 11 51 32 97 47 13 100 25 53 8 82 41 96 89 90 25 51 28 35 85 78 67 65.42172540107276
68 82 23 59 22 46 73 65 64 65 85 100 1 30 83 83 84 38 100 5 75 69 85 41 66 56 23 26 34 7 29 79 8 70 44 33 337.10776443604846
42 88 34 29 23 31 51 16 86 34 28 7 90 55 7 58 19 98 50 52 9 100 63 63 6 4 19 84 53 99 71 36 82 17 43 37 0.18079176999162883
94 32 74 1 48 70 100 5 34 3 90 40 53 24 93 23 75 30 74 69 51 56 94 7 83 8 13 71 89 65 25 76 32 81 18 66 600.0
79 60 13 66 88 50 37 59 18 44 87 87 65 80 46 98 77 95 76 25 35 64 75 96 68 22 99 18 61 45 14 50 81 38 97 12 0.05102796899154782
52 42 50 93 82 86 22 33 62 100 48 87 90 38 79 93 25 90 65 80 2 54 45 34 72 9 50 53 5 56 86 7 4 84 76 41 0.7670436290791258
15 14 60 53 28 35 79 39 21 92 13 52 92 61 68 80 17 27 67 88 27 84 56 69 54 11 31 82 16 54 19 12 25 70 81 46 600.0
17 42 20 28 57 31 58 8 13 27 91 45 34 36 95 85 99 32 100 32 97 31 99 89 28 93 20 51 54 24 42 25 59 69 82 90 0.1355315629625693
94 94 82 85 82 67 15 57 48 63 99 20 12 49 33 22 80 8 47 39 78 19 40 70 54 49 64 69 8 69 50 32 24 68 53 30 0.056282263016328216
17 72 66 88 18 23 89 1 1 90 25 3 29 22 72 54 15 47 7 52 47 67 97 95 82 10 69 15 48 63 40 26 73 85 43 49 68.95898711401969
53 99 39 14 88 37 89 21 11 58 50 89 33 40 47 95 31 85 51 60 19 15 71 85 19 85 86 13 10 82 22 22 25 41 50 64 1.2089811499463394
36 43 100 27 77 3 37 80 12 79 33 38 46 44 60 83 56 69 55 78 100 37 14 8 33 49 85 94 83 16 47 38 71 87 24 32 371.1891875800211
31 71 41 80 79 5 61 71 97 70 90 58 45 86 16 100 100 27 78 43 27 42 43 9 38 74 52 72 7 72 68 51 47 61 1 63 35.12506492808461
42 57 35 51 10 7 55 69 81 25 63 94 100 58 73 95 59 44 39 8 45 31 33 85 1 64 66 43 38 1 61 96 65 1 60 100 467.2325599750038
15 23 61 28 10 14 67 9 43 1 68 39 54 39 59 84 4 20 26 42 24 42 59 36 64 69 65 31 67 28 27 91 40 42 23 16 0.2602669410407543
20 71 45 51 49 68 54 13 29 51 67 40 9 89 74 90 9 88 55 97 95 80 76 11 3 7 99 39 68 50 6 40 79 97 63 15 0.07966378203127533
40 12 83 93 6 15 52 41 3 5 59 90 56 1 39 43 65 61 47 88 39 89 51 92 25 90 44 13 79 35 62 13 15 25 99 10 600.0
55 46 55 81 78 40 54 16 49 83 50 13 74 36 49 77 41 29 12 1 28 75 93 30 72 50 48 40 65 28 99 55 1 25 28 67 0.9608836639672518
5 42 25 40 62 32 49 83 33 46 98 14 78 30 21 91 76 62 70 27 1 37 99 31 26 13 21 15 33 13 80 21 2 95 64 57 3.348955593071878
51 55 11 47 71 80 64 56 4 58 56 86 6 78 89 49 62 23 84 24 34 34 86 8 3 81 74 25 19 81 63 62 56 72 51 8 0.06967351504135877
90 17 39 88 29 10 30 51 70 25 82 73 100 74 60 9 73 86 24 95 18 37 27 53 42 65 58 9 76 50 82 73 92 46 86 10 499.2736323090503
35 96 68 88 31 84 60 25 19 61 47 51 67 18 68 98 45 48 92 69 11 6 7 16 60 63 10 56 68 63 24 5 91 10 76 93 0.5414047499652952
98 19 2 71 63 98 81 90 36 87 10 93 92 83 40 94 55 18 97 14 58 87 61 58 69 65 54 28 51 38 45 12 42 60 10 13 600.0
4 71 89 71 71 13 80 18 56 99 80 84 16 15 78 48 55 77 7 59 87 18 43 80 96 8 10 67 25 69 27 92 4 13 1 31 600.0
26 42 51 74 33 37 45 21 47 44 53 94 97 34 58 30 62 76 43 90 95 36 31 68 11 100 90 32 5 60 99 36 54 61 91 25 0.21824808802921325
48 34 2 37 51 12 97 68 59 93 74 100 88 96 67 6 16 79 41 56 31 82 92 66 85 73 85 22 35 5 26 93 17 73 6 89 0.3612444050377235
19 81 67 19 51 3 78 57 69 51 53 69 62 76 43 31 37 84 95 51 40 55 89 1 81 15 41 58 90 26 24 80 58 86 13 22 600.0
92 28 46 4 82 10 90 88 49 36 67 33 63 85 54 98 15 55 31 37 18 14 68 74 96 46 49 52 93 81 55 16 38 71 40 10 600.0
53 95 94 12 72 76 10 72 90 28 15 74 16 25 25 51 42 72 11 62 59 67 8 22 6 34 74 83 8 57 9 87 21 4 86 14 0.10395198699552566
95 5 51 89 46 8 19 54 83 59 52 33 9 87 15 34 50 23 84 86 43 57 100 71 76 40 92 66 57 45 48 74 46 7 9 4 600.0
83 71 34 46 85 29 69 8 37 87 9 90 42 74 83 86 25 42 43 14 86 12 78 24 88 42 86 2 83 98 26 22 74 28 75 63 6.207670759991743
42 49 55 28 19 72 30 98 99 77 9 69 58 36 55 4 43 24 27 33 6 30 7 71 69 41 64 69 76 76 92 67 23 80 9 93 0.1140996670583263
55 26 19 92 29 48 33 44 99 90 53 70 58 82 42 19 6 81 58 39 82 53 81 15 68 8 99 3 39 43 52 45 45 81 89 6 0.25994348200038075
77 45 3 47 21 30 89 53 54 86 86 43 74 40 89 57 54 98 15 65 75 44 32 99 47 47 5 22 45 19 35 91 53 71 100 68 15.347572754020803
90 70 88 19 84 17 43 97 1 43 17 88 51 90 53 31 53 39 45 81 15 10 41 4 51 45 73 89 76 86 45 55 22 5 46 96 45.236084504053
55 52 53 2 61 53 100 78 75 74 61 98 88 74 55 19 75 45 63 92 18 39 52 40 7 85 75 69 6 11 92 89 64 2 59 55 0.9006814750609919
27 4 20 56 74 58 50 82 100 49 51 94 44 20 81 13 60 67 29 78 33 22 35 73 73 10 12 58 29 74 17 40 25 2 48 85 72.90099039010238
7 55 61 15 15 16 30 5 26 64 15 45 32 94 10 2 63 30 92 33 35 97 4 12 75 84 99 84 16 54 44 1 27 34 77 4 3.255939693073742
19 83 32 83 13 8 99 84 36 76 3 100 68 65 10 3 4 60 35 14 35 44 17 88 77 33 3 75 39 81 47 28 65 83 2 26 204.79656276397873
71 3 78 95 79 47 19 49 11 74 35 42 100 49 13 59 13 53 68 35 78 7 39 15 96 39 20 51 28 54 31 40 37 15 14 1 163.57931253802963
79 84 42 42 40 51 56 57 88 68 3 18 74 2 87 15 58 72 13 22 99 78 31 57 83 54 25 26 43 28 60 12 9 100 35 43 1.5120925719384104
83 74 89 2 35 73 46 94 67 29 32 31 57 68 84 2 17 69 5 10 8 82 94 56 71 92 60 51 16 40 45 19 91 50 29 45 600.0
80 80 44 68 40 44 17 72 74 16 15 20 73 54 89 86 13 11 51 56 6 59 80 93 51 12 58 2 73 89 6 71 26 78 34 96 180.13632298796438
73 44 81 20 44 15 83 73 94 98 33 13 94 28 18 27 10 47 48 93 89 28 49 2 9 29 47 59 35 83 29 74 27 37 65 22 0.5620754999108613
39 10 93 36 63 84 69 79 28 87 42 87 4 76 58 71 90 15 99 7 48 46 82 83 85 96 52 71 82 92 70 21 1 42 56 8 8.40611172397621
43 27 40 56 46 22 47 24 77 56 73 34 12 13 34 40 65 62 57 62 36 2 54 30 35 49 28 88 90 22 24 43 20 20 80 53 0.2842943789437413
92 76 47 64 29 33 53 51 53 10 51 25 14 17 31 48 7 80 97 8 86 47 42 40 69 45 2 82 69 48 17 12 9 15 62 36 3.01836283900775
64 65 89 14 62 18 81 99 28 32 14 74 14 23 70 52 83 3 73 79 78 18 94 93 26 26 86 25 29 58 29 70 91 79 62 89 10.985260118963197
5 42 12 52 87 11 37 67 83 99 51 34 57 72 65 64 16 35 92 14 94 70 26 72 49 15 96 54 50 49 56 94 41 96 84 43 600.0
9 87 87 94 78 89 43 87 66 38 8 49 1 93 49 84 32 59 89 32 25 23 97 68 8 39 79 38 24 72 81 25 12 74 24 43 0.18025890598073602
45 47 27 39 25 19 52 9 26 52 4 99 57 37 99 65 59 46 18 77 60 76 93 77 60 27 15 80 16 31 72 64 3 9 65 37 0.5119484399911016
52 32 14 7 6 23 49 33 99 90 9 7 79 16 28 16 84 48 15 52 43 3 97 40 75 47 27 39 35 72 9 17 87 35 84 56 32.57594162598252
11 6 67 47 56 87 5 6 48 60 40 39 31 58 74 56 32 97 100 71 59 93 50 100 96 75 49 75 93 64 78 76 57 5 31 69 600.0
34 13 31 33 35 52 77 22 16 10 78 51 37 2 50 35 88 29 50 57 37 65 77 77 33 34 23 96 97 35 77 38 93 58 77 81 0.17486257699783891
24 91 66 16 92 55 84 68 76 86 80 36 66 68 50 79 20 85 43 98 85 30 97 35 69 11 74 81 5 27 5 10 5 40 64 15 223.48710840800777
80 82 61 68 42 55 66 42 36 43 31 58 20 95 36 29 10 61 65 85 26 1 30 21 91 77 81 9 48 23 45 68 18 99 19 26 0.06793132296297699
63 47 19 27 30 71 49 62 50 21 86 54 39 69 77 6 91 30 100 83 60 58 22 2 31 16 26 44 25 35 69 8 39 30 77 4 5.295582363032736
93 50 17 83 98 8 37 76 26 1 13 92 42 64 43 34 43 11 72 60 67 90 98 20 55 100 52 100 16 75 17 89 21 72 60 41 86.8968057979364
34 73 90 39 9 59 39 13 24 94 78 86 37 92 71 3 71 36 44 2 23 86 70 78 22 23 32 14 95 75 32 64 10 99 92 40 7.290783955017105
33 66 29 28 87 24 11 94 77 7 98 79 8 90 94 4 99 28 45 93 39 8 87 19 71 75 33 48 8 32 67 28 49 65 3 82 13.042074832017533
42 92 66 55 47 15 68 18 38 86 53 69 22 2 65 36 14 33 81 92 30 66 30 95 18 61 88 42 5 42 30 28 52 79 11 58 13.244083540979773
27 68 12 28 64 33 46 51 93 47 4 35 73 3 46 96 25 8 72 40 87 23 90 31 70 100 98 75 92 34 53 11 11 63 1 41 0.2206565960077569
11 61 97 59 25 98 93 42 62 61 71 82 78 58 86 46 100 50 52 11 55 95 51 26 90 28 70 11 86 81 81 21 50 51 71 33 62.64078628108837
13 58 55 53 57 45 82 85 84 89 29 91 11 69 55 77 84 61 19 26 95 40 36 50 75 88 74 68 85 71 8 63 28 44 17 90 0.07386586198117584
57 87 15 46 64 23 93 9 14 80 4 92 18 58 100 52 93 63 20 9 90 29 18 71 90 95 5 49 70 98 26 21 41 49 59 34 4.43607214698568
60 11 76 80 49 49 42 5 64 47 33 72 68 35 55 81 45 64 31 33 64 90 85 15 9 41 21 75 21 46 17 51 40 20 67 46 0.055549537064507604
56 36 5 80 37 98 4 50 55 12 46 81 59 8 62 95 18 86 33 95 96 95 42 1 100 72 40 4 84 67 72 99 85 77 6 99 8.022695573978126
25 61 51 26 25 6 73 45 81 15 70 31 5 54 6 7 48 1 29 81 55 47 55 32 76 87 93 64 11 82 61 6 38 85 43 89 0.40681484795641154
65 99 99 56 17 37 83 63 23 28 51 39 25 24 12 85 37 33 46 60 14 83 22 70 16 19 91 50 63 43 59 26 42 33 88 66 0.5635985999833792
52 43 33 65 64 91 92 92 28 68 23 4 43 78 26 34 56 67 12 10 24 89 14 51 98 62 24 75 55 45 55 28 82 89 91 79 2.741982080973685
42 76 25 65 37 87 73 49 78 16 31 67 25 5 1 67 62 29 59 85 67 7 36 58 46 80 2 39 36 8 2 17 1 95 86 27 0.19510678900405765
5 22 42 68 65 20 14 15 48 91 60 78 63 39 24 1 19 89 71 60 93 28 39 66 20 49 28 68 24 82 90 76 56 73 71 11 3.3791323580080643
76 7 20 35 55 3 19 86 80 94 73 55 71 49 97 31 9 89 69 13 12 96 80 67 26 16 94 34 65 59 73 5 100 46 33 7 600.0
45 75 83 33 28 39 15 44 71 85 64 79 30 45 7 64 51 33 78 5 91 54 82 27 14 74 59 31 29 81 28 43 67 38 11 32 18.05040170403663
68 32 81 59 68 25 77 54 32 64 20 61 53 39 24 57 40 15 31 66 85 30 59 98 51 64 32 54 21 26 85 41 22 77 21 28 74.0858506920049
30 7 1 93 33 64 55 44 1 50 89 91 68 46 40 87 28 83 68 75 31 33 55 42 76 24 74 33 79 54 99 48 80 20 66 79 600.0
69 30 42 53 59 58 88 84 77 45 26 5 99 80 39 37 5 32 77 1 39 90 24 14 96 28 98 40 65 29 10 50 18 44 58 66 0.1880140429129824
80 7 49 73 56 6 7 89 52 47 7 33 82 28 56 95 37 70 54 58 96 48 51 77 68 82 77 69 32 55 26 19 17 76 76 32 600.0
96 31 92 34 25 51 13 66 53 31 7 1 18 72 18 78 14 47 76 5 50 35 51 72 65 45 8 81 56 83 72 79 72 42 82 41 18.96321916207671
13 52 46 22 15 34 29 25 53 57 72 25 72 40 12 43 81 1 77 35 19 75 76 24 33 65 55 65 92 91 68 87 22 83 35 68 139.84581912704743
86 41 3 11 23 47 46 66 8 33 81 6 57 56 66 52 53 33 88 84 69 53 42 72 88 10 16 95 42 89 6 1 85 99 82 71 600.0
27 89 49 25 37 13 48 76 69 33 72 92 5 75 76 89 36 69 90 4 85 1 90 54 43 70 10 94 9 47 62 56 90 68 96 71 16.229626156040467
95 74 33 72 15 61 92 31 69 6 6 14 78 5 100 15 9 52 44 54 65 40 74 5 61 74 43 88 17 3 58 48 60 24 26 65 7.499354814994149
87 47 33 20 48 62 24 23 9 46 82 72 32 62 35 69 7 97 44 29 63 72 30 77 31 59 55 81 11 91 90 54 17 90 47 29 6.435220732004382
61 16 38 74 78 37 79 48 13 3 47 92 74 33 77 58 85 42 87 26 29 52 56 93 52 76 35 51 10 59 72 97 55 86 4 73 151.76318778807763
31 94 3 93 68 65 30 73 77 56 76 63 88 55 58 99 85 79 96 45 24 95 11 39 48 51 45 9 85 90 24 48 75 14 20 32 600.0
90 23 96 7 76 38 48 6 20 89 70 95 76 5 54 24 73 46 86 81 57 59 26 37 75 75 100 53 46 46 36 94 75 63 94 32 600.0
97 26 38 48 8 16 41 91 36 13 58 80 55 100 78 68 39 31 86 42 45 54 58 66 21 64 17 93 32 17 56 40 89 89 44 57 0.8891874910332263
51 87 53 100 2 78 58 55 82 11 66 62 30 2 45 6 49 64 88 16 12 97 95 22 30 80 30 63 73 52 4 49 70 86 34 79 80.7877229769947
79 45 50 66 6 76 12 71 80 47 39 46 46 90 19 18 45 3 30 55 57 50 32 39 14 24 24 4 26 10 14 77 70 7 44 86 0.3914257469587028
48 31 85 49 13 56 24 4 2 85 51 51 40 81 1 74 31 45 91 77 49 15 18 92 9 39 9 76 94 85 45 25 64 22 82 44 0.08306623005773872
69 38 74 18 30 86 91 61 23 81 54 4 86 18 18 72 28 98 22 58 34 60 24 47 30 7 20 16 91 2 12 88 14 28 88 64 0.14470595703460276
4 36 3 25 52 3 6 71 38 77 37 55 85 99 24 66 91 53 27 13 10 51 42 80 32 52 81 34 7 8 84 40 86 64 21 33 600.0
81 45 14 26 46 82 44 98 77 53 67 96 95 91 93 10 90 91 17 47 90 48 86 45 80 55 15 64 100 76 32 18 63 30 34 28 11.575554842012934
82 47 49 13 16 55 24 24 42 44 79 6 57 68 75 51 22 50 54 70 66 84 58 25 7 48 96 67 21 95 15 62 38 27 74 54 1.3318457329878584
1 59 31 42 45 70 67 15 34 78 56 5 43 67 90 32 65 96 84 22 30 20 71 12 61 46 87 53 46 100 12 4 71 60 54 13 600.0
52 17 12 12 80 48 2 91 10 57 83 71 79 36 8 52 8 59 59 8 79 32 72 82 26 17 6 38 90 39 60 61 96 21 1 98 600.0
16 66 86 23 19 90 27 97 45 47 90 19 82 47 13 46 88 51 79 29 100 84 46 67 23 14 90 18 40 41 51 48 91 79 38 20 600.0
15 88 67 26 13 3 7 28 75 93 55 33 8 76 63 65 54 33 93 56 45 70 25 78 91 61 72 22 87 80 70 100 49 70 76 70 600.0
20 19 90 4 21 60 56 30 80 49 77 67 55 12 79 42 68 28 54 92 33 42 5 62 9 8 48 66 91 77 45 10 25 63 77 81 160.53222829604056
12 36 14 43 37 60 9 71 64 44 5 67 34 32 37 92 31 63 11 23 52 1 32 75 49 62 53 91 4 36 25 56 56 11 67 34 35.823072722996585
84 52 90 84 24 66 29 15 10 75 80 85 64 58 41 63 45 46 82 62 90 92 45 76 68 23 8 14 84 81 24 79 74 11 12 94 0.36532665498089045
19 15 45 70 27 69 19 9 52 100 76 65 8 71 58 72 19 37 23 6 14 85 31 12 4 68 97 97 50 96 32 10 16 20 100 42 9.50552152004093
51 12 70 79 96 69 67 2 28 75 47 54 52 88 58 84 45 44 91 29 34 53 26 57 55 27 62 41 67 99 93 90 65 5 64 42 0.15838792198337615
11 47 92 90 1 22 33 56 8 44 85 79 60 61 53 87 83 72 72 40 26 96 53 89 39 39 5 33 1 57 18 84 97 21 37 32 600.0
49 12 66 51 69 38 94 44 6 94 98 52 58 70 26 38 65 96 21 84 66 41 26 67 26 81 4 87 5 61 22 90 41 91 41 95 0.15019311499781907
9 61 13 70 75 19 42 85 16 5 65 44 28 18 47 30 96 89 71 83 14 94 55 78 17 49 98 34 73 42 22 64 11 33 50 46 600.0
65 30 61 59 59 100 12 87 3 66 8 53 1 33 46 3 57 87 93 30 68 88 23 97 82 62 67 76 47 80 82 16 41 66 86 54 0.05873108503874391
48 50 66 58 36 96 93 81 35 66 36 80 35 21 90 66 10 13 48 80 91 3 81 5 97 17 15 79 16 30 12 57 22 10 29 30 4.050534229027107
8 17 42 84 34 14 49 34 3 94 72 88 34 60 12 26 68 50 1 27 47 42 61 88 11 15 22 5 42 16 18 10 46 17 72 19 140.86948210105766
12 58 64 53 34 96 85 43 57 1 53 70 90 70 63 41 44 59 83 81 51 5 34 63 51 46 27 13 6 10 4 65 20 38 16 52 0.7064542160369456
25 61 13 68 9 38 78 2 30 45 23 46 12 70 48 26 30 21 53 80 66 87 10 93 51 85 44 10 13 32 82 49 67 11 11 90 600.0
5 52 30 15 89 35 10 19 77 99 28 30 12 57 72 46 86 44 60 3 84 10 34 92 44 57 8 4 91 86 70 96 46 50 66 12 564.114004779025
86 51 59 27 76 82 84 92 36 52 14 75 16 6 46 90 68 93 11 47 11 51 89 77 32 80 69 23 47 4 5 99 69 20 29 100 3.453488065977581
35 26 39 3 33 59 24 80 70 57 82 99 35 73 54 84 62 4 22 63 16 83 99 44 27 94 47 24 93 2 34 5 69 56 52 19 3.28123502607923
81 86 15 95 71 4 90 16 87 55 100 40 28 39 18 2 21 10 79 32 20 97 60 100 15 62 97 96 29 92 100 20 82 66 32 5 0.6560221599647775
93 28 96 75 9 58 27 4 71 60 35 23 84 93 91 11 93 16 61 26 62 34 22 54 89 63 8 34 52 80 34 35 40 72 73 1 1.4483237080276012
71 32 10 57 5 44 58 23 32 59 77 35 14 14 57 12 2 89 20 87 14 87 97 30 68 31 58 60 37 6 67 84 71 72 63 85 600.0
23 26 63 96 52 82 15 65 82 28 86 94 25 86 94 69 8 13 46 30 70 66 52 77 24 73 49 94 37 27 82 91 81 49 78 11 98.55646193400025
53 95 98 81 24 12 88 48 85 25 33 33 58 23 64 95 98 17 100 74 53 81 62 57 29 10 49 22 84 18 80 22 94 80 37 95 12.46463489800226
98 64 67 19 4 69 37 23 13 76 57 41 72 48 25 18 29 20 21 74 68 7 3 37 88 67 4 25 87 27 86 79 83 26 18 42 600.0
12 31 11 51 21 8 34 70 60 60 15 22 17 3 99 45 61 12 44 3 15 84 36 21 64 94 19 78 56 68 16 73 4 80 18 87 11.212360364035703
30 63 33 100 43 89 34 26 38 63 65 64 58 25 71 61 62 4 4 74 61 32 70 96 91 12 81 22 91 44 47 9 94 47 53 66 2.5917351340176538
56 8 26 49 27 6 83 35 93 90 6 96 38 43 1 25 28 43 35 79 37 11 75 87 90 67 72 48 22 25 66 44 97 17 54 80 600.0
76 71 57 63 57 39 96 6 22 46 65 75 72 17 88 21 73 34 91 43 4 60 61 89 16 16 78 57 19 22 47 25 87 34 14 8 0.32419160404242575
11 96 50 90 33 100 90 35 7 53 74 85 44 1 73 20 32 79 36 37 6 16 30 55 99 73 64 71 57 80 49 5 56 16 44 3 541.3654593919637
47 23 49 24 15 95 7 54 31 28 34 56 35 37 2 73 27 8 64 16 19 68 18 94 38 53 6 53 39 43 80 11 34 48 83 28 0.80980835610535
89 7 96 98 57 4 96 77 5 37 24 19 62 19 56 13 96 78 70 46 25 60 88 88 53 98 13 8 47 6 48 53 69 58 58 44 600.0
63 35 32 11 54 42 6 56 19 60 67 52 92 74 69 57 15 18 37 64 69 31 71 60 29 38 46 36 94 37 1 96 84 57 92 73 3.003337929956615
62 45 89 33 94 7 87 77 20 72 40 34 57 66 85 62 95 95 22 12 78 60 7 71 27 90 19 58 55 2 97 98 51 34 83 32 304.77808365901
16 74 93 80 2 78 66 84 47 37 67 9 37 51 28 22 80 76 30 88 63 90 36 35 99 6 98 26 80 47 83 98 12 13 90 30 600.0
92 89 11 80 86 89 93 24 30 100 28 8 37 21 50 10 35 88 45 87 46 52 97 61 50 9 45 75 87 49 20 63 19 21 29 73 2.4322140261065215
76 29 92 74 57 14 1 72 37 46 50 22 87 75 9 34 7 88 18 27 74 66 8 9 17 32 96 41 91 30 31 39 46 88 1 59 35.1711041899398
36 13 65 55 60 91 56 1 43 82 90 2 19 62 83 74 4 8 84 93 96 53 1 87 1 24 32 88 88 100 90 66 47 37 19 74 2.606081492966041
36 94 48 82 67 5 89 29 82 12 84 65 71 24 35 24 29 51 99 34 19 84 31 73 90 68 34 35 29 81 9 50 25 15 45 53 338.9682058369508
60 26 93 5 65 18 78 33 33 92 87 61 42 45 14 7 96 59 99 59 26 75 73 35 71 59 98 54 55 45 92 94 39 15 90 21 600.0
75 78 63 47 13 84 5 98 96 80 51 12 16 55 57 57 59 84 88 37 78 9 23 12 10 71 33 38 40 75 74 88 80 98 100 63 1.3132546610431746
81 36 1 10 93 95 23 22 90 86 24 61 6 38 59 7 41 38 96 13 1 42 63 55 28 10 93 82 91 83 69 87 66 44 48 99 600.0
66 9 23 15 53 79 94 75 50 97 33 38 40 94 84 28 100 40 44 20 98 72 77 68 26 64 35 41 15 91 80 51 31 38 55 70 458.2687464199262
58 9 10 91 80 90 58 35 64 38 78 22 98 56 6 4 54 2 20 51 48 85 59 67 55 75 98 17 89 32 97 12 72 99 73 82 600.0
84 89 8 37 51 20 40 75 44 7 96 57 78 9 97 89 10 23 99 90 35 60 21 37 30 77 51 79 41 20 18 39 41 21 99 32 57.86080659192521
73 35 43 46 55 4 14 29 53 62 76 31 74 51 4 76 81 54 60 63 100 73 47 91 11 39 83 98 18 32 82 10 23 30 70 9 4.886188654927537
53 91 30 66 86 54 80 37 18 20 4 62 59 30 99 81 31 57 16 76 1 31 4 92 43 71 93 48 56 8 41 69 15 76 93 30 0.2588649080134928
59 5 14 73 5 41 83 27 91 57 27 67 92 37 83 97 44 43 89 23 24 59 75 53 14 35 80 46 51 35 71 42 90 65 25 49 600.0
73 33 42 53 9 69 100 96 57 58 85 27 35 55 83 37 11 77 47 19 4 85 81 5 16 18 30 72 72 34 66 92 12 4 3 75 0.6493780900491402
77 75 41 85 3 72 14 31 47 34 63 42 27 34 37 62 99 30 26 16 82 19 63 97 6 19 6 46 27 100 53 85 37 77 24 8 600.0
100 58 16 15 52 27 50 85 70 17 81 45 14 28 35 56 78 79 96 62 5 35 93 80 34 7 86 44 89 12 50 83 78 1 43 1 181.51458142499905
99 37 87 38 16 20 96 33 6 11 44 46 8 38 5 28 86 52 57 97 70 97 28 87 68 46 44 77 69 27 44 73 98 17 18 13 0.24208939902018756
2 18 10 62 19 21 52 23 7 39 2 100 62 80 25 24 48 19 70 53 39 68 27 47 37 56 19 87 56 43 2 20 1 31 50 94 4.998450066894293
88 98 6 64 8 72 55 99 65 99 82 52 34 37 38 65 92 48 94 35 55 89 97 17 76 42 34 6 76 16 52 25 65 65 57 29 600.0
45 41 95 72 51 98 6 59 91 49 44 78 47 99 9 28 89 35 12 12 92 19 27 88 70 25 100 94 90 55 21 39 5 22 9 79 9.521616316051222
54 64 51 49 32 18 51 64 32 82 3 8 45 58 18 11 77 49 11 62 11 26 49 56 64 26 97 7 38 45 3 91 83 31 78 95 6.978644843911752
13 43 49 8 79 40 80 72 93 77 21 17 13 5 74 77 24 34 29 24 98 82 62 78 83 34 83 71 12 44 59 42 45 47 42 52 15.547392289037816
76 74 85 60 28 7 20 54 59 50 27 10 15 21 69 37 96 58 42 96 15 3 99 92 3 46 74 16 73 60 79 87 69 98 52 75 600.0
67 46 95 38 57 73 66 36 11 22 39 56 59 77 22 56 41 14 68 57 25 62 70 70 39 57 92 75 68 12 54 80 41 32 44 71 3.662154187099077
38 85 10 7 80 53 25 50 54 55 58 56 12 75 69 80 13 49 15 95 78 19 51 89 48 12 13 63 16 57 95 66 70 82 90 30 600.0
28 12 51 50 17 82 36 54 42 31 29 25 40 59 91 17 72 59 21 81 12 6 10 77 32 57 78 17 4 100 56 13 6 60 55 39 33.71801552793477
92 55 36 86 9 67 30 12 36 7 58 98 94 98 43 26 29 83 87 32 81 86 41 2 93 77 3 16 58 36 34 85 43 99 10 55 3.589025229914114
97 72 67 67 6 38 54 50 86 3 83 86 96 97 83 57 80 77 49 73 91 81 29 86 78 20 71 43 17 50 97 93 67 65 9 100 141.58067530300468
44 43 1 89 7 40 79 93 5 11 35 62 20 69 26 84 7 63 60 98 31 48 95 58 43 89 21 62 95 43 13 32 81 9 73 2 600.0
46 19 85 24 44 86 62 26 61 100 59 54 28 59 41 41 29 38 18 91 77 59 85 68 24 100 71 77 97 55 70 51 35 1 67 34 15.656006956938654
92 83 88 59 93 44 81 44 16 52 89 92 83 16 45 38 64 89 55 96 89 98 3 100 63 28 66 84 28 67 22 20 75 4 16 84 0.7968460510019213
59 53 11 89 50 71 5 13 32 83 56 2 48 26 3 66 19 72 46 54 65 74 38 64 10 71 78 6 26 78 23 73 82 82 14 70 0.1885955750476569
59 100 44 97 49 57 16 76 38 61 67 54 6 76 53 35 30 71 64 30 67 35 11 65 4 61 9 80 14 87 99 81 55 42 67 45 0.2302154990611598
79 57 2 71 57 76 48 79 72 17 78 32 63 86 97 33 47 11 3 54 73 19 93 71 40 76 18 50 56 62 26 100 23 37 8 78 600.0
94 12 28 86 1 8 34 63 84 41 46 43 17 18 17 7 85 30 70 4 33 64 43 21 97 11 70 8 91 45 13 43 68 92 35 64 600.0
89 33 98 100 95 2 96 63 77 23 86 47 29 56 76 32 94 75 59 77 85 79 53 7 15 77 35 24 15 1 49 97 21 6 64 16 600.0
79 75 59 54 4 59 27 3 94 55 95 49 21 9 95 1 9 83 84 26 44 20 98 81 35 52 53 77 1 11 15 22 22 62 42 89 2.1508043829817325
92 69 83 55 57 37 23 68 88 88 57 17 53 78 69 1 26 47 67 15 22 70 2 38 25 86 6 6 9 83 73 63 9 43 56 87 1.9442061819136143
70 35 63 9 94 64 52 68 87 64 57 29 18 29 29 2 90 4 75 70 46 19 45 23 71 41 27 80 26 66 69 12 75 2 5 75 2.04284741403535
24 47 4 100 56 30 5 41 65 39 52 23 55 92 97 99 41 48 50 57 50 80 48 25 78 93 14 14 54 70 3 21 4 46 89 59 256.74885200196877
15 74 82 76 50 78 46 23 99 83 32 50 17 3 36 24 53 58 94 37 42 40 68 34 88 31 35 74 24 65 31 60 47 9 47 32 0.2282002989668399
87 34 82 46 79 50 86 10 97 8 27 88 38 63 73 41 97 79 68 51 46 93 19 98 58 63 66 58 32 10 15 71 62 68 64 96 1.0734257099684328
22 44 86 2 2 58 66 41 73 65 54 5 83 56 34 62 63 25 67 53 87 70 91 11 88 86 66 74 16 35 30 70 86 79 54 25 600.0
36 38 8 72 49 19 2 71 7 80 74 65 32 86 12 58 49 58 31 31 14 28 7 18 14 35 48 60 59 82 74 26 28 48 38 1 0.21836814191192389
21 51 90 76 39 75 49 20 61 89 42 52 77 4 4 30 49 51 90 48 4 5 69 90 2 44 77 54 71 42 92 36 74 49 41 68 0.5053467269754037
66 15 63 58 19 56 54 48 60 2 98 23 71 87 99 73 95 96 19 7 48 10 81 26 82 36 68 48 34 1 29 81 24 28 81 99 35.606953323003836
31 89 12 25 86 38 34 6 42 61 9 37 76 56 60 50 31 81 36 76 75 31 29 62 71 56 2 45 73 33 93 62 2 37 74 50 4.188012933940627
100 38 64 34 38 30 34 11 9 95 98 68 8 88 36 73 73 7 45 12 50 75 63 22 56 90 10 5 93 88 26 10 50 14 71 97 0.08474795497022569
11 12 29 24 87 16 25 3 30 24 46 78 67 69 3 94 54 60 63 86 88 24 44 11 94 51 64 8 25 3 24 47 72 1 5 61 0.6122664540307596
48 89 78 25 2 3 57 41 75 54 42 5 80 12 34 37 49 98 61 26 93 5 4 90 7 38 52 38 52 38 32 3 81 98 62 17 600.0
76 86 44 79 97 60 73 61 1 4 96 65 70 78 70 61 95 59 83 82 87 76 1 62 94 10 82 52 27 50 78 42 39 70 100 3 0.0891368540469557
17 22 21 93 17 82 3 21 31 70 99 2 69 33 40 3 84 47 78 67 88 49 84 6 26 40 6 25 83 16 3 98 18 87 89 22 5.885671835043468
27 59 67 5 28 92 49 56 69 49 1 21 90 16 85 71 96 40 40 16 79 16 5 50 78 31 26 68 83 30 20 91 2 23 42 59 600.0
55 30 16 89 61 42 87 38 5 62 78 29 82 48 96 33 94 99 69 35 34 12 42 11 11 6 82 16 54 27 98 8 92 9 38 12 16.852015545009635
57 52 74 4 93 20 17 84 1 78 20 94 64 94 27 27 31 34 1 14 26 59 76 93 92 19 83 94 28 14 87 31 72 99 74 42 600.0
61 17 37 33 96 66 33 15 40 22 17 73 34 86 56 50 53 17 7 82 4 8 40 43 90 90 19 12 83 7 19 10 74 86 37 21 65.89356863603462
37 48 80 45 78 31 8 58 46 31 39 8 9 17 26 67 77 83 2 77 27 83 94 15 21 33 14 73 13 35 49 54 76 61 45 7 0.11699130001943558
39 57 89 39 10 38 1 15 39 10 62 24 44 55 5 68 85 55 99 89 88 21 55 62 4 31 4 49 34 1 27 7 9 57 6 30 0.21242796396836638
41 90 85 24 92 17 7 61 12 38 33 16 68 20 94 74 90 33 3 77 3 24 9 56 51 83 33 11 78 90 89 60 15 93 28 83 7.041680121910758
29 41 100 51 12 12 100 69 55 2 23 83 14 81 51 86 83 58 12 84 17 92 71 33 26 86 48 88 95 8 81 76 54 3 75 80 52.68313987995498
1 73 36 54 100 3 84 17 57 57 47 54 24 70 41 49 12 62 3 15 83 10 57 37 99 83 86 48 42 1 52 37 83 80 62 71 600.0
40 81 35 93 14 1 19 13 64 15 22 10 86 79 99 85 99 76 49 66 28 71 69 100 34 34 28 22 46 59 65 86 97 5 60 3 600.0
86 7 88 41 5 71 99 82 89 59 83 47 37 5 69 83 56 46 49 7 14 15 54 5 78 83 6 8 74 71 97 74 25 85 64 21 600.0
57 100 61 19 87 33 70 91 48 44 67 2 43 54 8 68 21 64 16 81 14 24 29 73 49 44 75 56 50 78 7 38 38 78 50 72 0.954730084980838
84 44 95 63 2 68 8 77 77 1 30 42 42 27 70 75 76 86 47 88 67 20 100 94 65 20 83 83 64 95 51 42 86 81 84 89 166.98459836200345
71 52 93 30 30 65 45 39 1 25 52 94 68 22 23 38 63 48 92 96 12 4 100 53 32 6 25 38 31 63 61 87 96 57 80 28 107.53180170292035
39 39 51 51 38 14 97 64 88 54 41 24 67 15 71 84 26 90 98 20 62 84 10 39 92 22 40 86 5 89 64 82 59 65 54 86 1.30404268798884
40 47 95 62 38 36 32 17 44 73 92 61 6 47 64 63 38 90 56 53 94 55 25 83 50 32 77 58 19 79 22 57 26 82 78 57 15.215801178943366
53 86 35 29 94 20 99 35 79 12 42 35 91 14 84 48 22 70 29 58 99 74 90 37 12 18 46 77 12 3 7 41 43 8 50 59 3.50786002993118
11 22 74 77 63 39 17 66 14 86 60 78 76 26 81 13 35 61 87 97 46 19 24 33 98 76 51 8 23 8 52 38 23 68 75 92 520.9105025399476
93 83 17 17 22 39 19 100 57 1 96 35 49 77 71 72 93 19 99 92 27 98 71 42 40 45 23 85 76 77 55 88 19 30 71 77 600.0
26 71 31 5 34 42 11 84 30 17 19 16 68 20 33 88 77 43 82 44 23 9 37 72 81 21 85 18 44 80 18 44 3 73 44 62 0.058960321941412985
87 26 54 92 54 59 8 24 62 33 47 12 76 81 18 98 46 82 2 39 26 65 63 99 69 41 49 45 10 81 43 46 27 74 69 23 0.5825798619771376
13 93 3 81 37 58 77 36 46 45 28 57 42 36 62 41 57 84 28 49 95 79 93 1 32 62 23 33 23 79 68 49 37 54 68 50 600.0
23 27 86 62 44 77 78 80 1 13 100 81 36 24 3 11 21 79 20 46 33 96 59 36 62 58 41 7 79 16 73 20 22 17 55 91 51.668074663029984
97 42 14 38 26 35 47 40 1 6 97 41 91 75 35 3 86 46 96 11 94 99 96 72 90 33 2 45 38 22 90 12 27 39 48 75 2.135770083987154
57 76 36 21 96 48 68 57 97 100 69 37 53 76 37 34 13 3 10 74 91 96 67 34 12 47 96 53 34 59 99 49 78 13 2 59 1.1804057779954746
55 97 90 65 15 58 20 46 56 47 64 89 71 45 19 64 57 96 91 7 84 12 87 88 64 55 69 70 21 1 50 8 60 5 80 82 3.734452089993283
73 18 6 5 28 5 72 74 94 96 26 84 87 31 59 80 40 39 70 69 53 53 70 34 12 97 18 18 20 2 20 10 35 21 61 29 345.55031499103643
88 89 28 25 38 55 73 15 35 86 17 88 79 55 64 34 24 57 46 48 53 81 29 34 35 60 36 77 88 83 92 45 13 15 92 61 29.610006598057225
17 30 26 89 2 90 86 96 19 42 7 19 12 72 67 86 72 41 7 27 14 40 95 25 33 32 86 53 77 61 12 50 33 42 62 4 21.93072668800596
89 83 6 98 63 12 7 22 85 58 17 24 7 42 50 56 13 60 35 52 10 59 65 51 95 33 82 12 27 76 77 62 13 12 83 7 370.9660066680517
32 69 7 76 15 98 5 97 14 93 76 26 83 32 17 44 51 66 50 64 90 37 22 7 50 60 100 70 60 37 87 59 39 99 66 61 600.0
52 2 16 65 37 78 76 60 74 62 98 19 16 88 26 27 17 28 100 74 42 13 100 67 26 59 100 49 8 56 2 32 62 4 46 67 473.92351454892196
68 3 16 21 74 76 92 80 7 72 84 87 30 88 20 59 47 30 20 5 96 24 39 37 80 14 45 36 94 52 67 89 99 10 90 13 600.0
7 8 6 23 51 79 12 6 10 49 5 20 6 57 39 65 64 89 80 61 31 12 52 91 96 16 66 46 77 25 32 61 4 65 27 27 600.0
35 77 57 80 65 85 37 66 81 89 31 3 22 93 76 42 85 17 31 23 40 63 11 84 23 41 61 77 77 12 52 3 53 78 79 45 0.10804603702854365
39 80 98 67 81 8 34 89 44 91 53 60 5 19 66 58 67 74 82 36 94 14 78 38 34 99 91 14 20 32 7 3 79 31 43 52 6.067199731944129
50 46 64 99 80 46 26 73 14 87 68 58 24 87 96 16 74 36 41 60 64 84 32 71 72 82 43 14 94 55 100 74 1 43 72 90 2.9402294730534777
51 73 56 8 86 17 12 1 71 99 30 97 89 19 88 16 5 9 74 90 15 53 6 60 54 17 46 7 93 40 23 52 63 96 52 53 149.10864519898314
6 2 97 32 60 28 9 59 11 29 55 56 24 34 82 8 2 67 23 81 70 9 47 38 57 52 81 22 98 45 2 82 62 3 61 20 600.0
84 52 23 77 53 60 64 44 52 85 7 35 9 41 76 93 81 12 73 36 36 8 12 69 41 38 62 46 25 57 76 51 17 36 37 65 0.22857750405091792
62 7 35 10 59 76 55 11 74 55 74 71 45 14 20 99 53 71 21 73 38 77 47 66 84 79 52 97 75 66 25 84 39 2 53 15 600.0
27 63 43 20 93 97 74 19 13 91 24 49 90 16 34 66 20 93 50 64 42 95 89 67 68 36 13 44 31 73 85 86 6 95 5 76 13.334340734989382
96 30 66 40 90 16 91 75 94 52 78 90 86 93 99 10 2 95 12 79 1 21 67 22 29 46 64 87 36 32 18 8 27 44 9 79 63.30857555894181
41 78 67 14 95 85 55 24 11 2 3 87 52 62 74 26 58 13 99 22 91 3 73 98 47 13 34 72 58 76 34 87 22 17 47 87 0.057249139063060284
95 58 42 43 98 26 55 19 40 72 18 82 50 37 21 51 19 86 32 86 86 62 86 11 20 88 22 48 55 82 41 14 45 2 56 14 0.08066598407458514
55 74 7 55 69 50 42 28 100 97 20 23 26 23 1 48 26 29 47 8 2 3 27 24 77 77 88 19 39 7 75 50 72 40 80 95 0.07636351103428751
13 49 73 1 74 24 94 32 53 2 74 73 97 49 63 83 39 46 29 29 6 7 96 97 17 35 94 3 69 81 83 70 88 14 94 65 600.0
77 16 3 50 38 5 81 57 75 15 7 10 62 61 66 17 16 3 73 36 59 56 85 90 85 15 29 68 61 37 61 40 82 73 74 27 600.0
51 68 33 56 19 75 28 72 96 44 11 92 89 59 71 1 9 35 40 53 33 91 29 5 13 68 87 77 37 16 38 99 4 83 83 29 27.062703919014893
63 88 14 48 74 29 44 31 54 50 23 42 46 43 7 95 60 55 95 36 86 87 93 54 73 96 8 18 12 69 44 53 80 30 62 57 7.254524945979938
93 61 68 79 28 80 49 68 31 100 37 73 51 28 22 42 92 12 54 67 77 75 20 49 81 37 3 54 25 79 20 21 95 54 68 19 0.04432206298224628
83 86 52 36 25 22 49 33 83 35 7 18 8 82 2 7 95 62 47 48 12 15 62 82 12 50 52 35 95 43 92 68 98 69 64 27 600.0
46 62 67 83 50 24 68 63 32 51 16 41 33 16 68 7 5 75 40 66 48 36 2 83 56 40 26 38 91 69 63 26 97 20 45 33 0.05843707802705467
77 17 80 71 36 17 23 24 58 100 87 24 51 24 93 99 8 3 37 68 93 41 2 77 60 61 98 60 40 61 46 100 90 71 4 25 324.2237121289363
52 24 25 5 88 31 73 98 90 38 20 82 2 25 37 16 49 19 8 38 64 12 29 80 27 31 16 38 82 24 62 36 33 94 12 68 0.3276751310331747
22 71 13 30 72 84 50 29 41 18 78 80 32 32 100 94 42 37 14 78 34 88 58 29 76 64 60 20 15 75 99 34 36 77 19 96 21.064692792017013
61 52 22 80 82 22 94 78 29 85 51 46 21 25 78 99 19 7 57 17 42 85 34 44 73 10 32 78 82 12 66 90 99 83 91 74 37.518767126020975
39 26 34 5 57 93 12 60 27 13 18 86 92 61 75 35 77 65 24 57 50 72 58 38 95 16 28 7 8 55 19 35 85 11 1 76 89.16451433696784
5 91 37 57 43 75 71 90 91 69 84 55 51 55 86 25 53 89 63 85 65 2 25 49 56 33 90 23 92 32 1 94 46 32 41 16 2.9509665720397606
43 31 2 43 63 77 49 21 81 66 80 4 76 2 66 49 54 69 31 15 71 22 17 77 42 98 45 53 94 90 1 52 54 85 72 73 600.0
8 11 22 66 43 69 10 94 74 47 67 34 69 94 56 97 27 11 19 40 91 78 57 67 34 7 65 69 10 97 63 74 84 30 100 96 600.0
76 21 64 48 13 30 50 90 38 81 34 76 11 87 45 69 100 23 22 90 35 96 62 18 84 91 7 85 39 30 10 10 94 14 75 22 0.0754413070390001
26 59 35 5 69 3 4 42 35 82 47 61 48 54 12 69 32 53 19 93 48 58 23 63 100 79 47 93 17 75 37 6 79 5 12 85 600.0
11 82 2 3 32 50 83 31 84 96 23 18 35 98 83 26 14 60 47 45 95 82 65 55 14 37 75 47 59 61 40 57 19 2 40 78 600.0
94 94 10 3 19 77 72 84 43 82 62 99 85 2 56 61 85 79 9 37 66 31 13 10 4 16 59 28 91 52 40 84 79 100 46 54 600.0
66 32 53 61 29 11 20 48 98 28 77 36 92 28 53 39 19 37 5 12 100 5 89 47 3 60 33 32 62 55 38 17 18 68 32 42 0.5111070399871096
60 37 54 43 71 80 16 68 50 78 48 89 25 54 26 12 85 80 8 29 8 30 11 47 30 96 1 91 84 10 52 85 86 91 82 50 0.34109994408208877
59 18 51 47 21 61 26 45 33 86 49 59 11 31 36 47 80 90 36 14 53 81 84 53 60 35 80 28 13 92 36 52 83 57 23 52 1.335606970009394
56 66 44 75 17 48 29 28 73 89 3 3 21 33 72 45 55 20 89 42 9 15 35 88 24 46 91 16 59 18 92 86 79 20 50 78 0.08519042900297791
79 66 34 74 42 56 12 99 45 12 9 17 75 34 45 48 46 67 79 5 49 10 11 53 57 4 7 74 32 2 26 44 34 58 66 82 0.11832145205698907
43 16 96 51 90 64 77 56 10 49 76 8 44 58 12 29 22 95 57 33 50 25 35 87 1 18 3 100 27 99 69 2 39 25 28 6 5.452326187049039
64 3 57 96 14 28 40 93 22 76 41 62 81 7 7 13 67 32 11 95 41 71 69 4 39 9 71 13 71 65 20 100 98 24 16 81 600.0
65 86 86 57 75 46 24 6 19 16 27 52 8 12 66 1 42 38 39 37 32 29 20 88 16 19 82 85 100 51 99 12 16 40 45 3 0.10819080099463463
73 12 5 72 90 6 37 26 88 92 42 38 53 32 72 24 14 10 77 51 3 93 85 75 2 26 90 28 85 17 91 42 22 2 100 62 600.0
85 77 87 1 36 71 99 37 82 28 26 67 93 3 4 92 89 48 69 21 25 36 22 27 92 85 60 16 7 96 35 42 4 40 10 98 410.4795811709482
85 50 5 75 78 46 49 22 60 89 28 63 39 99 26 54 65 82 68 19 97 1 64 98 49 6 48 15 84 88 53 18 39 21 18 16 65.95802268304396
76 89 23 12 14 30 19 66 96 84 90 15 56 24 88 52 86 34 96 10 83 79 71 24 41 13 67 5 60 99 68 80 84 58 34 31 600.0
30 10 54 79 43 75 38 27 98 51 32 39 43 42 48 24 31 43 22 79 11 11 79 76 9 8 51 86 90 2 62 100 100 95 87 31 2.6206110989442095
42 47 87 43 62 2 14 96 87 64 42 95 88 7 50 17 82 12 91 31 88 63 39 83 64 76 32 61 94 12 42 75 96 10 19 29 77.88504505495075
63 62 60 55 2 26 50 18 23 98 70 64 93 20 53 63 83 15 8 29 57 93 11 36 6 47 96 11 85 42 26 65 10 11 66 12 40.264864409924485
26 57 78 18 98 14 67 36 6 73 11 58 96 39 61 79 66 20 11 38 22 51 67 19 1 61 59 23 76 53 10 11 28 75 49 35 600.0
83 36 76 20 76 19 71 61 89 5 66 26 94 82 3 40 80 72 12 7 10 50 14 33 51 19 81 63 12 11 37 93 40 11 30 31 272.09429089701734
11 91 55 25 67 40 72 20 35 98 49 68 44 55 3 72 95 88 30 80 66 27 23 77 16 80 82 29 16 5 22 51 49 57 5 99 44.31450911704451
32 98 13 70 20 24 51 55 11 6 69 23 38 89 83 16 33 41 20 92 69 9 76 100 58 100 79 6 64 21 80 2 76 61 60 78 1.5445685519371182
13 29 46 92 60 63 51 63 61 37 82 51 27 58 15 86 56 93 83 60 68 87 97 31 24 50 49 3 37 3 50 57 6 82 89 42 3.0304262060672045
81 50 84 38 68 82 5 4 88 78 91 48 37 52 59 21 72 84 66 10 44 92 8 6 100 60 73 58 67 52 23 20 8 97 65 2 0.29815672303084284
60 100 9 50 33 73 47 61 14 42 37 92 55 49 48 63 56 64 56 52 55 36 81 8 62 45 8 31 45 33 35 97 23 71 60 66 248.2473282070132
8 63 29 67 63 98 63 24 8 13 87 14 56 22 9 32 29 80 42 74 53 29 5 96 4 35 60 65 56 57 15 72 17 86 9 14 5.110319756087847
30 57 96 98 30 93 63 74 75 77 59 20 48 83 74 79 64 68 86 24 23 45 34 67 70 32 46 13 37 28 97 15 71 9 66 48 600.0
70 98 37 57 8 46 78 16 20 65 22 57 59 23 71 15 7 5 60 7 10 17 19 33 8 86 38 73 41 77 54 57 72 54 5 16 0.44590146595146507
66 11 100 80 99 5 30 84 85 85 31 71 83 60 91 66 98 45 50 70 37 96 42 35 40 57 87 62 43 65 29 82 2 63 67 17 600.0
20 38 79 97 7 97 5 41 93 65 20 90 44 67 8 35 36 85 31 83 64 72 55 58 17 98 53 52 23 32 80 91 8 51 14 13 23.213099143002182
19 56 78 96 65 82 53 50 42 48 35 21 56 38 46 66 75 62 56 56 16 40 91 32 47 77 24 87 23 1 20 43 76 17 40 55 44.835901119047776
87 54 88 89 32 2 22 41 65 89 25 31 39 89 68 41 59 89 44 16 62 73 60 61 35 51 41 32 98 27 34 25 12 9 94 38 600.0
97 19 25 17 97 48 35 38 49 60 28 79 66 57 31 46 74 88 83 31 67 65 23 68 92 70 33 94 99 78 70 100 5 84 91 17 71.33152402506676
43 18 22 56 89 71 57 33 71 9 22 38 48 8 2 52 34 29 72 14 35 90 1 92 20 66 32 87 8 22 57 73 65 95 94 49 7.123704627039842
94 91 8 19 52 86 16 68 80 1 94 80 56 98 83 62 29 51 38 51 18 100 3 19 23 5 94 8 29 62 70 67 2 59 85 11 421.80782710097264
72 70 83 34 87 10 41 51 94 7 23 99 89 2 19 91 35 13 26 35 45 12 86 2 36 24 36 61 41 12 48 53 3 39 29 97 2.2534647750435397
42 57 62 100 32 59 83 87 32 30 10 90 4 65 13 24 65 47 62 89 72 36 76 10 99 57 88 54 78 75 53 52 56 24 71 6 1.3362346439389512
72 76 3 75 50 99 22 91 58 67 14 17 12 54 72 55 7 12 100 75 60 50 13 58 64 82 40 78 24 44 79 86 59 30 12 90 395.52742556110024
32 96 82 97 10 39 61 45 8 78 6 90 26 80 46 37 94 68 93 39 46 2 28 76 13 60 85 4 73 2 92 30 68 91 99 94 107.49651961401105
28 56 56 52 79 23 41 43 95 52 69 100 65 70 98 100 45 12 47 57 13 47 58 10 89 45 44 4 50 73 9 56 78 35 50 64 6.69682572199963
17 9 85 7 1 97 15 56 51 67 20 2 79 82 49 23 79 52 60 10 43 15 28 88 34 76 51 34 36 2 36 92 17 25 42 70 600.0
31 84 25 96 34 70 10 40 61 43 95 23 55 27 89 15 59 29 80 59 78 39 36 43 75 70 45 55 75 97 25 99 89 60 64 17 1.324569451971911
36 24 82 26 25 39 40 23 35 60 66 34 17 58 46 74 15 93 69 19 24 61 52 63 48 60 6 8 12 94 30 39 18 11 20 87 111.94733647501562
89 85 56 89 73 60 85 10 97 29 1 7 99 75 69 72 2 68 76 46 60 77 87 94 13 25 89 35 36 19 43 78 21 9 97 28 2.641692657954991
91 34 35 66 8 59 20 41 37 1 34 55 5 21 3 27 10 38 24 14 96 32 87 72 24 47 41 23 87 72 53 70 24 41 79 3 4.1043799869949
26 93 64 90 38 44 10 26 13 17 22 57 18 74 89 79 94 11 24 57 95 10 94 93 4 6 46 91 98 4 72 90 45 1 96 24 5.593984307022765
84 27 20 19 67 15 43 52 63 71 99 73 93 26 84 43 6 71 64 64 26 32 33 99 75 68 15 56 16 51 87 69 13 95 49 73 6.374427499016747
45 13 78 2 90 79 85 63 58 34 42 26 55 76 19 64 61 42 3 89 77 67 35 32 96 59 42 92 64 31 20 93 13 72 37 57 600.0
73 53 46 59 23 50 63 6 40 30 3 78 99 53 73 89 78 67 82 40 3 79 48 1 88 2 51 79 47 51 42 8 43 3 59 12 1.1210582749918103
12 28 30 41 56 89 4 32 79 39 52 28 89 27 56 84 85 99 47 37 64 7 32 54 13 99 48 56 62 8 94 81 100 30 15 7 0.09453202702570707
55 17 84 21 74 35 74 85 43 25 87 81 38 5 41 53 40 42 72 97 16 10 75 64 56 4 85 20 70 37 18 7 7 51 5 31 5.624930195976049
75 36 98 15 7 21 12 62 48 70 97 3 24 60 11 25 50 33 93 96 68 90 5 31 99 33 72 26 100 79 29 40 55 9 71 20 38.11506158404518
7 73 19 91 71 3 68 57 56 62 60 32 6 87 9 71 94 3 70 98 96 59 14 66 58 52 20 76 63 22 33 37 99 87 73 37 600.0
8 97 91 50 66 6 27 99 74 13 49 75 23 89 26 89 17 28 39 53 4 78 23 24 55 47 62 29 43 89 16 21 85 6 13 71 600.0
36 62 19 9 60 45 25 38 46 92 42 90 90 48 61 45 24 85 67 57 63 13 10 84 5 77 45 72 2 10 11 15 55 83 75 27 5.204135267995298
36 60 29 30 7 63 14 68 64 13 12 55 75 38 63 16 90 59 73 23 65 7 78 25 35 43 98 54 88 29 9 5 18 75 81 81 0.4407270710216835
61 49 16 40 81 51 83 90 68 24 67 4 62 43 91 57 43 34 83 81 22 57 30 30 80 60 76 47 4 84 98 72 68 16 35 56 0.29362334206234664
19 38 29 50 55 44 69 39 20 16 56 1 42 98 95 43 60 95 29 45 19 53 91 1 88 9 85 60 24 53 8 36 58 72 36 70 0.3468968829838559
99 49 97 14 64 63 27 96 56 90 87 98 12 38 60 12 50 72 11 91 30 5 33 15 96 53 64 5 99 75 30 6 63 68 84 91 1.5330812009051442
13 4 95 1 95 91 1 29 1 49 67 2 77 31 43 55 52 60 79 84 4 48 55 49 57 49 63 91 23 46 19 69 43 25 24 86 600.0
28 8 23 33 30 23 91 13 92 10 5 98 18 13 79 89 63 75 51 28 72 2 67 61 11 18 32 84 72 60 42 29 57 39 92 88 0.05449745594523847
18 26 68 94 41 21 85 47 36 57 12 30 81 20 24 70 42 59 39 55 91 73 48 25 10 51 87 69 93 6 83 19 42 40 85 29 5.181137060048059
66 51 82 19 36 14 16 33 39 66 62 73 73 19 61 25 58 98 1 42 8 15 51 58 43 62 53 52 12 59 68 55 96 62 50 25 600.0
83 14 81 18 44 88 56 23 84 42 34 69 84 24 13 23 33 16 24 54 12 78 73 12 96 22 43 2 27 98 95 92 63 57 66 47 600.0
100 93 17 72 52 85 11 14 50 89 60 10 88 13 7 18 48 97 20 88 75 38 7 31 96 90 69 70 57 34 36 74 55 54 65 52 1.122665401082486
25 94 78 35 74 17 70 53 19 89 91 28 37 53 63 44 22 47 21 5 37 97 13 42 15 20 55 47 43 57 57 1 93 42 85 93 19.98691824602429
23 95 100 44 60 66 65 59 32 70 32 9 99 82 39 80 89 74 91 47 46 92 14 3 35 31 77 64 51 99 24 50 76 52 30 54 0.844866772997193
18 77 76 36 29 28 30 60 58 97 98 16 13 67 68 1 35 91 52 26 39 36 38 86 78 80 2 80 80 17 22 15 7 9 86 35 1.2539294109446928
32 59 13 42 34 65 52 35 86 21 88 81 53 47 68 5 17 11 84 81 23 94 75 43 91 49 11 45 82 54 88 69 34 30 29 8 0.09975621290504932
59 68 7 91 53 41 75 92 65 20 24 40 22 1 40 78 44 73 41 99 54 44 2 37 74 10 11 63 64 28 73 93 19 26 86 8 0.10772219905629754
