0 [[[0, [10, 6, 7]]]] 0
0 [[[-5, [6, 4, 3]], [9, [8, 1, 0]]], [[9, [8, 6, 6]], [-1, [4, 1, 0]]]] 2
3 [[[-3, [7, 9, 3]], [-9, [7, 1, 4]], [2, [0, 2, 2]], [5, [1, 10, 6]], [5, [3, 10, 10]], [10, [1, 3, 7]], [-5, [4, 3, 6]]]] 7
5 [[[-10, [0, 8, 2]]], [[3, [9, 0, 3]], [-7, [2, 2, 10]], [0, [10, 10, 0]], [0, [1, 1, 5]], [5, [8, 6, 4]], [8, [0, 9, 1]], [7, [0, 0, 7]], [2, [1, 10, 5]], [7, [10, 7, 6]], [2, [1, 1, 10]]]] 8
3 [[[-10, [0, 5, 2]]], [[-7, [6, 5, 3]], [-3, [1, 9, 6]], [-6, [4, 5, 7]]], [[0, [0, 0, 0]], [-4, [8, 2, 8]], [-7, [10, 5, 2]], [10, [7, 7, 1]], [-6, [3, 10, 6]], [-4, [8, 6, 9]]]] 5
1 [[[7, [0, 10, 7]], [4, [1, 4, 5]], [10, [9, 8, 9]]]] 3
5 [[[8, [2, 5, 5]], [-1, [0, 2, 6]], [-6, [5, 9, 10]]]] 3
5 [[[-1, [8, 2, 10]], [-6, [5, 7, 5]], [7, [0, 8, 5]]]] 3
5 [[[-5, [0, 5, 10]], [8, [4, 9, 6]], [6, [10, 6, 6]], [-6, [9, 0, 10]], [4, [9, 4, 9]], [8, [9, 1, 3]]], [[10, [0, 0, 5]], [1, [2, 2, 5]]], [[5, [7, 4, 5]]], [[9, [10, 8, 5]]]] 6
3 [[[-3, [5, 7, 3]], [10, [6, 10, 9]], [0, [6, 2, 5]], [4, [8, 5, 9]], [-1, [2, 6, 5]], [-5, [3, 5, 6]], [10, [7, 7, 10]], [-2, [2, 4, 5]], [0, [0, 3, 6]], [1, [8, 1, 3]]], [[7, [5, 9, 4]], [-7, [6, 4, 10]], [0, [2, 9, 10]], [7, [10, 0, 8]], [-4, [3, 10, 4]], [-7, [7, 1, 5]], [10, [10, 5, 5]], [-5, [7, 1, 7]], [3, [2, 0, 2]], [-4, [5, 5, 9]]], [[-10, [5, 2, 2]], [-9, [3, 8, 3]], [5, [9, 8, 9]], [-7, [1, 6, 3]], [-1, [2, 9, 7]], [-5, [3, 10, 10]], [-10, [8, 4, 8]], [6, [6, 6, 3]]], [[10, [7, 9, 5]], [8, [9, 6, 5]], [10, [8, 0, 6]], [4, [3, 6, 10]], [6, [8, 5, 8]], [-6, [3, 5, 10]], [7, [0, 8, 2]], [-2, [7, 1, 8]]], [[6, [7, 8, 9]], [10, [1, 8, 6]]]] 9
4 [[[7, [0, 9, 2]], [7, [0, 5, 10]], [0, [8, 9, 7]], [-3, [6, 4, 6]], [0, [1, 4, 6]]]] 3
2 [[[-5, [6, 9, 3]]], [[0, [5, 3, 1]], [-2, [10, 1, 9]], [-6, [2, 2, 3]], [4, [4, 3, 8]], [-1, [5, 4, 10]]]] 4
5 [[[5, [10, 10, 2]], [-8, [5, 7, 3]], [-4, [1, 1, 1]], [0, [1, 3, 6]], [4, [3, 0, 3]], [-10, [1, 4, 4]]]] 5
4 [[[-1, [8, 1, 6]]]] 1
3 [[[-3, [8, 9, 0]], [-1, [0, 10, 7]], [9, [4, 6, 7]], [-6, [3, 2, 1]], [4, [6, 8, 6]], [-6, [10, 0, 1]], [-1, [4, 6, 0]], [-7, [1, 1, 7]], [-8, [0, 4, 1]], [-7, [8, 8, 2]]], [[1, [7, 10, 0]], [-10, [9, 6, 4]], [9, [4, 9, 3]], [8, [3, 10, 5]], [-3, [3, 7, 1]], [-5, [10, 1, 3]]]] 1648
2 [[[-4, [1, 5, 1]], [-10, [4, 6, 8]], [-4, [3, 0, 2]], [-5, [4, 5, 6]], [10, [7, 4, 10]], [8, [7, 6, 2]], [10, [1, 0, 4]], [6, [0, 8, 1]], [5, [0, 5, 0]], [1, [7, 5, 6]]], [[9, [3, 4, 1]], [7, [2, 3, 1]], [-3, [9, 0, 4]], [1, [4, 9, 10]], [3, [9, 5, 8]], [-5, [9, 8, 10]], [3, [3, 5, 4]], [-4, [3, 3, 8]], [5, [9, 7, 7]]], [[10, [8, 4, 2]], [7, [1, 1, 9]], [-10, [6, 8, 7]], [-5, [10, 4, 2]], [2, [3, 8, 2]], [0, [7, 0, 7]], [2, [9, 3, 7]], [0, [8, 0, 1]], [8, [9, 2, 8]], [-10, [4, 3, 0]]]] 987
0 [[[-7, [9, 0, 7]], [7, [0, 10, 6]]], [[5, [10, 10, 0]], [4, [5, 8, 0]]], [[-6, [10, 9, 6]], [9, [6, 8, 1]]], [[6, [9, 3, 3]], [0, [9, 5, 5]], [-10, [6, 6, 9]], [10, [9, 2, 4]], [4, [9, 1, 0]], [7, [8, 9, 4]]], [[-4, [4, 4, 6]], [-1, [3, 8, 2]], [-10, [4, 8, 10]], [3, [9, 0, 4]]]] 3192
0 [[[-2, [6, 8, 10]], [10, [7, 0, 3]]], [[-2, [8, 3, 7]], [-4, [2, 5, 3]], [-10, [1, 9, 6]], [0, [4, 0, 6]]], [[10, [2, 10, 8]], [-4, [9, 1, 2]], [-8, [4, 9, 10]], [-8, [4, 7, 10]], [8, [1, 5, 0]], [-2, [0, 6, 5]], [7, [1, 10, 6]]]] 1008
0 [[[-10, [8, 6, 2]], [-6, [3, 2, 6]], [1, [5, 8, 8]], [7, [6, 9, 9]], [10, [4, 0, 0]]], [[-6, [0, 9, 5]], [10, [6, 5, 1]], [-9, [7, 7, 1]], [-8, [1, 0, 6]], [-2, [0, 5, 7]], [8, [9, 6, 2]], [9, [3, 2, 8]], [6, [10, 5, 4]]], [[-9, [1, 6, 6]], [-5, [2, 0, 5]], [9, [5, 2, 3]], [-10, [6, 5, 9]], [-2, [0, 8, 10]], [0, [10, 6, 9]], [1, [6, 6, 1]], [-2, [2, 10, 8]]], [[-7, [6, 4, 4]], [-9, [9, 5, 5]], [-4, [2, 2, 3]], [7, [3, 4, 8]], [-2, [6, 9, 2]]], [[8, [0, 2, 1]], [4, [0, 10, 10]]]] 897
5 [[[5, [2, 9, 9]], [-7, [10, 6, 4]], [5, [5, 5, 1]], [-1, [3, 1, 2]], [-4, [1, 2, 7]], [-8, [10, 1, 7]], [1, [4, 0, 2]], [3, [4, 5, 3]], [-7, [3, 5, 0]], [8, [3, 5, 5]]], [[5, [6, 9, 1]], [-6, [8, 7, 5]], [-3, [9, 1, 6]]], [[-1, [5, 6, 10]]]] 925
2 [[[-7, [10, 7, 7]], [6, [10, 10, 7]], [4, [10, 0, 3]]], [[6, [8, 10, 5]], [3, [9, 4, 0]], [7, [4, 7, 2]], [-7, [7, 9, 7]], [6, [5, 1, 4]], [-10, [3, 7, 10]], [-3, [3, 10, 3]]], [[-7, [0, 10, 4]], [-1, [9, 3, 1]], [-5, [0, 7, 1]], [0, [5, 0, 7]], [-5, [5, 2, 10]]]] 820
3 [[[4, [4, 9, 4]]], [[2, [1, 10, 8]], [5, [2, 2, 10]], [7, [5, 4, 5]], [0, [10, 7, 3]], [4, [5, 5, 4]], [10, [0, 5, 8]]], [[-8, [1, 2, 6]], [-10, [3, 6, 2]], [4, [3, 6, 7]], [-4, [2, 9, 1]], [0, [5, 0, 10]], [4, [3, 10, 10]], [9, [7, 1, 4]], [3, [3, 9, 2]], [-1, [6, 2, 1]]]] 2479
6 [[[-1, [6, 2, 3]], [-7, [0, 3, 8]], [-3, [7, 1, 8]], [3, [7, 3, 0]], [-7, [2, 4, 6]], [7, [7, 9, 7]]], [[-6, [5, 5, 10]], [1, [2, 6, 9]], [-1, [8, 8, 5]], [0, [10, 5, 6]], [-7, [0, 7, 5]], [10, [3, 8, 5]], [1, [1, 3, 5]]]] 835
0 [[[10, [6, 10, 0]], [1, [8, 5, 7]], [3, [4, 0, 4]], [-10, [2, 9, 8]], [6, [3, 7, 10]], [-3, [1, 10, 3]]], [[-4, [5, 9, 0]], [3, [10, 0, 2]], [-5, [0, 4, 2]], [7, [10, 1, 3]]], [[1, [6, 10, 5]], [-3, [4, 10, 10]], [-5, [9, 2, 6]], [-8, [8, 7, 6]], [9, [0, 6, 10]], [2, [0, 9, 8]], [-8, [8, 4, 4]], [-7, [1, 4, 2]], [5, [5, 0, 1]]], [[4, [1, 6, 10]], [9, [1, 0, 2]], [-1, [7, 6, 2]], [-10, [5, 2, 10]], [5, [10, 7, 5]]], [[8, [1, 2, 4]]]] 9
1 [[[7, [1, 2, 6]], [-1, [2, 2, 8]]], [[1, [8, 4, 0]]], [[-2, [5, 10, 0]], [4, [5, 6, 1]], [5, [7, 6, 8]], [-2, [3, 5, 5]]], [[7, [0, 7, 5]], [-5, [0, 0, 5]], [-7, [1, 3, 2]], [0, [8, 2, 10]], [2, [1, 0, 1]]], [[4, [6, 5, 4]], [5, [5, 9, 8]], [1, [6, 4, 5]], [1, [10, 5, 10]], [2, [0, 7, 9]], [-4, [8, 6, 1]], [-9, [10, 7, 0]], [-7, [5, 2, 6]], [5, [2, 9, 0]]]] 10
0 [[[-10, [4, 5, 0]], [3, [4, 7, 5]], [0, [9, 5, 1]], [-6, [10, 8, 0]], [-9, [3, 1, 0]]], [[9, [4, 4, 2]], [7, [9, 10, 1]], [5, [8, 8, 7]], [-1, [4, 8, 4]], [-4, [3, 4, 8]]], [[6, [5, 8, 10]], [10, [7, 0, 8]], [-3, [9, 4, 7]], [3, [7, 4, 8]], [-5, [0, 5, 10]], [8, [6, 9, 8]], [2, [1, 1, 10]], [-7, [6, 1, 1]], [-8, [1, 0, 5]]], [[-3, [8, 2, 3]], [9, [10, 3, 2]], [-5, [5, 7, 3]], [7, [4, 0, 0]]], [[6, [7, 2, 9]], [6, [1, 9, 4]], [-7, [2, 10, 8]]]] 833
0 [[[4, [2, 10, 6]], [-8, [1, 4, 9]]], [[-6, [7, 8, 2]], [-6, [5, 3, 3]], [1, [1, 9, 10]], [-3, [3, 5, 5]], [7, [10, 1, 2]], [5, [7, 0, 4]]], [[5, [8, 8, 8]], [-5, [9, 4, 4]]], [[9, [6, 7, 10]], [0, [0, 8, 1]], [3, [5, 9, 3]], [3, [10, 3, 5]], [-1, [6, 2, 4]], [-7, [3, 7, 2]], [-5, [0, 9, 2]], [4, [8, 4, 2]], [-8, [3, 5, 2]]]] 1411
0 [[[-2, [2, 1, 2]], [-9, [9, 1, 8]], [-6, [3, 10, 0]], [-2, [9, 10, 5]], [3, [3, 1, 5]], [7, [4, 10, 4]], [3, [0, 7, 2]], [-7, [2, 10, 8]]], [[-7, [6, 10, 9]], [4, [7, 9, 8]], [1, [8, 3, 4]], [5, [4, 3, 10]], [4, [4, 2, 3]], [2, [6, 5, 9]], [-6, [4, 5, 6]]], [[2, [8, 3, 7]]], [[-2, [4, 4, 8]], [-7, [0, 0, 10]], [4, [8, 3, 3]]], [[9, [7, 8, 3]], [9, [0, 10, 8]], [0, [9, 2, 0]], [-5, [1, 7, 9]], [-9, [7, 6, 1]], [5, [3, 5, 7]], [-7, [2, 5, 9]]]] 887
0 [[[10, [6, 3, 8]], [-6, [5, 0, 0]], [8, [0, 6, 10]], [5, [2, 5, 2]], [7, [2, 3, 9]], [5, [0, 10, 4]], [-7, [5, 9, 8]], [-2, [3, 0, 0]]], [[-5, [1, 0, 0]], [10, [7, 3, 9]]], [[7, [9, 1, 1]], [-8, [4, 1, 3]], [7, [7, 5, 3]], [-3, [3, 10, 0]], [-1, [6, 4, 7]], [-5, [7, 1, 8]], [4, [10, 8, 7]], [-8, [0, 0, 2]], [8, [0, 5, 6]]], [[-4, [7, 0, 7]], [-2, [10, 1, 9]], [-6, [8, 0, 0]], [7, [3, 0, 7]], [-2, [6, 2, 5]], [-1, [1, 4, 8]], [9, [4, 2, 2]], [-2, [3, 7, 6]], [-8, [3, 1, 10]]]] 1702
2 [[[0, [10, 7, 8]], [7, [1, 2, 9]]], [[-5, [3, 4, 5]], [-2, [1, 4, 0]], [-8, [7, 9, 8]], [10, [9, 10, 1]], [-6, [4, 6, 6]]], [[3, [10, 1, 2]], [-4, [5, 10, 8]], [5, [1, 9, 8]], [10, [8, 6, 4]], [3, [7, 1, 0]], [6, [5, 2, 8]], [4, [7, 7, 6]], [5, [2, 3, 4]]]] 12
1 [[[9, [4, 8, 4]], [8, [10, 1, 2]]], [[3, [9, 2, 8]], [-7, [9, 1, 7]], [-3, [8, 10, 8]], [10, [8, 2, 3]], [5, [5, 4, 0]], [-8, [3, 0, 7]], [-10, [2, 2, 1]], [-2, [4, 8, 4]], [-3, [9, 9, 7]], [5, [0, 6, 1]]], [[-2, [8, 5, 6]], [-1, [9, 9, 2]], [8, [6, 2, 1]], [6, [5, 0, 10]], [-2, [1, 7, 8]]], [[0, [6, 9, 9]], [3, [8, 9, 10]], [-2, [2, 7, 4]], [-10, [3, 5, 7]], [7, [5, 4, 7]], [7, [8, 9, 0]], [-2, [0, 2, 3]], [-7, [10, 8, 8]], [9, [8, 7, 10]]], [[2, [1, 5, 9]], [6, [8, 1, 4]], [7, [4, 5, 5]], [9, [9, 7, 8]], [3, [2, 1, 0]], [-4, [6, 4, 8]]]] 921
1 [[[-1, [6, 3, 8]], [-8, [10, 7, 9]], [0, [2, 10, 0]], [5, [3, 8, 2]], [7, [2, 3, 9]]], [[8, [3, 1, 3]]]] 4
1 [[[2, [6, 9, 0]]]] 1
1 [[[9, [10, 9, 0]], [-3, [8, 7, 0]], [8, [9, 6, 3]], [-3, [6, 5, 10]], [3, [3, 1, 2]], [-5, [1, 1, 10]], [7, [8, 7, 7]], [9, [4, 5, 6]], [-1, [8, 0, 1]], [7, [1, 9, 9]]]] 10
1 [[[0, [4, 1, 4]], [0, [1, 4, 2]], [-4, [1, 7, 5]], [-9, [7, 3, 7]], [8, [3, 2, 4]], [9, [7, 2, 2]], [-9, [6, 6, 8]], [2, [3, 10, 0]], [6, [0, 8, 0]]]] 7
1 [[[2, [1, 0, 9]], [10, [7, 2, 10]], [-2, [0, 9, 2]], [-1, [1, 5, 0]], [9, [9, 2, 8]], [3, [2, 9, 10]], [-10, [7, 0, 5]], [-8, [8, 6, 6]]]] 8
0 [[[10, [6, 8, 3]], [1, [2, 0, 1]], [4, [7, 7, 9]], [0, [5, 7, 4]], [10, [9, 6, 8]], [-10, [9, 8, 8]], [3, [4, 7, 4]]], [[2, [9, 1, 9]], [5, [0, 2, 6]], [-9, [4, 1, 0]], [1, [1, 0, 5]], [2, [1, 2, 6]]], [[10, [8, 1, 3]], [7, [4, 4, 7]], [-5, [3, 10, 5]], [-6, [0, 2, 8]], [-6, [2, 7, 0]], [-6, [3, 0, 2]]]] 2524
2 [[[-9, [4, 0, 5]], [-3, [1, 4, 6]], [10, [0, 3, 10]], [-9, [6, 1, 0]], [-6, [10, 8, 0]]], [[3, [4, 2, 3]], [1, [7, 8, 3]], [-3, [4, 10, 3]], [7, [5, 3, 7]], [-7, [3, 1, 3]]], [[9, [8, 4, 2]], [8, [8, 9, 7]], [2, [0, 2, 9]], [3, [4, 2, 1]], [0, [1, 8, 3]], [-2, [8, 0, 4]]], [[-10, [5, 5, 5]], [-6, [7, 5, 1]], [7, [10, 7, 2]], [2, [3, 10, 5]], [3, [5, 2, 8]], [6, [8, 10, 1]], [9, [4, 5, 5]], [-3, [4, 1, 1]], [0, [7, 5, 6]], [2, [4, 8, 1]]]] 817
2 [[[5, [0, 4, 8]], [2, [5, 1, 8]], [-1, [8, 1, 6]], [-9, [8, 7, 7]], [-2, [6, 7, 6]], [8, [1, 10, 8]]], [[-9, [5, 6, 1]], [4, [8, 6, 3]], [4, [1, 5, 9]], [9, [1, 4, 10]]], [[8, [2, 6, 3]], [2, [8, 9, 4]], [-7, [3, 10, 7]], [-1, [2, 10, 4]]], [[1, [7, 6, 0]], [10, [7, 0, 1]], [-9, [6, 6, 4]], [5, [8, 2, 2]]], [[0, [8, 2, 6]], [2, [7, 4, 2]], [0, [3, 0, 5]], [-1, [6, 2, 7]], [-1, [10, 9, 9]], [9, [8, 1, 8]], [-3, [1, 3, 3]], [3, [7, 8, 7]], [-4, [5, 5, 7]], [-4, [10, 9, 6]]]] 803
2 [[[-8, [10, 5, 9]], [10, [7, 0, 9]], [7, [1, 10, 6]], [0, [8, 6, 9]], [-1, [1, 10, 10]], [10, [1, 8, 0]]], [[2, [5, 4, 10]], [2, [1, 8, 8]]]] 9
2 [[[-5, [0, 2, 5]], [-5, [4, 7, 6]]]] 2
2 [[[0, [10, 6, 5]], [2, [8, 0, 2]], [-9, [2, 10, 3]], [-9, [9, 0, 10]], [-4, [8, 10, 2]], [-10, [10, 6, 0]], [10, [10, 5, 4]], [0, [9, 10, 0]]], [[-1, [3, 3, 10]], [3, [2, 7, 7]], [-3, [7, 6, 10]], [-6, [1, 1, 4]]], [[4, [10, 2, 5]], [-9, [7, 0, 7]], [8, [3, 2, 4]], [9, [1, 3, 1]], [-8, [10, 1, 10]], [-2, [0, 6, 2]], [7, [3, 7, 8]], [10, [7, 2, 3]]]] 897
2 [[[8, [0, 4, 7]], [-2, [2, 8, 9]], [7, [7, 9, 1]]], [[-10, [7, 7, 8]], [4, [1, 3, 2]]]] 5
2 [[[-4, [3, 10, 1]]], [[-1, [5, 6, 1]], [-1, [1, 3, 1]], [6, [1, 4, 8]], [7, [5, 6, 6]], [-4, [8, 1, 10]], [5, [5, 4, 4]], [-6, [7, 10, 1]], [6, [9, 2, 2]]]] 8
1 [[[-4, [10, 10, 9]], [-10, [0, 10, 5]], [8, [3, 5, 6]], [-1, [2, 0, 2]], [-5, [4, 8, 0]], [8, [4, 6, 7]], [-7, [0, 4, 0]]], [[7, [5, 3, 7]], [-5, [4, 9, 5]], [2, [9, 4, 10]]], [[-1, [7, 10, 4]], [-4, [7, 5, 6]], [-2, [10, 7, 5]], [-1, [0, 6, 1]], [5, [3, 6, 8]], [-6, [3, 6, 8]], [1, [2, 3, 5]], [-9, [2, 9, 4]], [5, [5, 3, 8]], [-1, [10, 6, 6]]]] 801
2 [[[6, [9, 3, 3]], [-6, [3, 2, 9]], [10, [1, 1, 2]], [5, [8, 10, 4]], [2, [1, 8, 5]], [-4, [7, 2, 9]]], [[-6, [3, 9, 3]], [-9, [8, 10, 2]], [-4, [10, 4, 3]]]] 177
1 [[[3, [3, 9, 9]], [-3, [3, 8, 8]], [-1, [9, 6, 0]], [-5, [0, 3, 0]], [-10, [7, 4, 2]], [7, [0, 9, 0]], [3, [0, 10, 3]]], [[7, [7, 0, 8]], [-10, [4, 1, 4]], [-2, [2, 3, 10]], [-5, [0, 6, 0]]], [[7, [9, 2, 10]], [1, [10, 8, 8]], [-8, [7, 8, 5]], [3, [10, 0, 1]], [-8, [2, 3, 7]]]] 936
1 [[[4, [6, 5, 4]], [9, [9, 4, 2]]], [[-10, [6, 1, 2]], [-6, [7, 2, 10]], [10, [9, 7, 10]], [3, [2, 3, 2]], [-7, [4, 4, 1]], [-3, [3, 8, 10]], [-6, [6, 1, 7]], [10, [0, 4, 1]], [-7, [8, 4, 1]], [-1, [8, 2, 0]]]] 102
1 [[[0, [2, 0, 2]], [10, [0, 10, 1]]], [[-6, [4, 2, 0]], [10, [2, 8, 3]], [3, [3, 8, 8]]], [[-5, [6, 8, 5]], [7, [4, 10, 1]], [-6, [2, 4, 4]], [0, [8, 5, 1]], [2, [4, 1, 7]], [8, [8, 0, 9]], [1, [8, 8, 5]], [-10, [8, 10, 7]], [4, [9, 2, 4]]], [[0, [10, 0, 1]], [1, [10, 1, 5]], [1, [10, 8, 0]], [-6, [10, 0, 3]], [6, [10, 7, 7]], [-3, [3, 5, 4]], [8, [1, 9, 5]], [-3, [0, 10, 4]], [-8, [6, 3, 0]]]] 8
0 [[[-7, [10, 1, 6]], [-4, [5, 5, 5]], [-3, [1, 1, 2]], [2, [7, 0, 6]], [5, [10, 1, 3]], [0, [5, 6, 3]]], [[1, [8, 9, 6]]], [[-3, [0, 2, 2]], [-7, [0, 1, 9]], [0, [9, 1, 6]]]] 67
0 [[[-5, [9, 4, 4]], [7, [0, 8, 2]], [-8, [6, 4, 10]], [-7, [0, 5, 2]], [9, [1, 5, 5]]], [[8, [7, 0, 1]], [6, [7, 4, 2]], [6, [6, 1, 2]], [-1, [10, 5, 7]], [-6, [10, 3, 1]]], [[-4, [6, 4, 7]], [-7, [6, 1, 5]], [4, [7, 6, 0]], [-1, [1, 10, 7]]]] 1867
0 [[[-8, [3, 6, 0]], [1, [10, 6, 5]], [-8, [6, 4, 8]], [-2, [5, 4, 10]], [10, [7, 6, 2]], [-8, [4, 3, 7]], [2, [10, 9, 7]], [7, [3, 2, 0]], [-10, [8, 5, 2]]], [[7, [3, 9, 2]], [3, [1, 6, 6]], [0, [2, 2, 0]], [1, [2, 2, 10]], [4, [2, 0, 9]], [3, [4, 9, 10]]], [[-4, [10, 7, 3]], [-6, [7, 1, 3]], [-6, [3, 6, 4]]], [[4, [6, 10, 7]], [0, [5, 1, 1]], [7, [10, 5, 8]], [-3, [2, 7, 8]], [9, [10, 2, 10]], [-5, [1, 6, 0]]]] 2655
0 [[[0, [3, 9, 4]], [-5, [5, 9, 2]], [8, [6, 5, 0]], [-8, [3, 10, 6]], [9, [10, 0, 7]], [10, [6, 0, 3]], [-10, [9, 4, 2]], [4, [5, 6, 0]], [-1, [1, 2, 1]]]] 8
0 [[[-8, [2, 4, 3]], [-8, [5, 10, 4]], [-1, [10, 3, 7]], [-6, [0, 1, 4]], [-8, [10, 9, 7]]], [[5, [3, 10, 7]], [-7, [2, 7, 3]], [-7, [10, 3, 1]], [-1, [9, 1, 0]], [-5, [8, 2, 4]], [10, [7, 8, 5]], [3, [7, 1, 9]], [-5, [5, 6, 8]], [9, [4, 5, 9]]], [[3, [7, 3, 5]], [8, [2, 9, 3]], [-4, [1, 2, 5]], [3, [9, 9, 7]], [0, [9, 3, 4]], [-10, [8, 5, 1]], [-1, [10, 6, 3]]], [[8, [2, 9, 7]], [-3, [1, 6, 5]], [8, [4, 9, 6]], [-5, [3, 9, 8]], [8, [2, 4, 8]], [9, [4, 3, 10]], [1, [2, 2, 2]], [-4, [9, 6, 10]], [-10, [1, 5, 8]], [6, [4, 7, 2]]], [[-10, [9, 0, 9]], [-1, [8, 1, 1]]]] 1030
0 [[[0, [7, 10, 8]], [3, [1, 6, 2]], [1, [6, 3, 4]], [10, [3, 8, 6]], [7, [10, 0, 9]], [6, [3, 3, 2]], [0, [3, 7, 4]]], [[-2, [2, 1, 6]], [5, [9, 8, 6]]], [[10, [3, 5, 6]], [8, [2, 0, 4]], [2, [10, 7, 0]], [-9, [1, 3, 6]], [7, [0, 10, 0]], [10, [3, 7, 6]], [8, [3, 8, 1]], [-9, [8, 1, 3]]], [[6, [3, 9, 6]], [8, [10, 6, 0]], [8, [3, 5, 7]], [6, [7, 1, 1]], [-8, [10, 8, 9]], [-1, [0, 10, 4]], [-9, [7, 0, 9]], [5, [10, 0, 7]], [-10, [0, 8, 8]]], [[3, [4, 0, 5]], [-4, [8, 1, 0]], [10, [9, 2, 0]], [-5, [8, 9, 7]], [6, [1, 7, 4]], [10, [8, 5, 7]], [1, [9, 8, 9]], [7, [10, 9, 10]], [2, [6, 4, 5]]]] 942
0 [[[-4, [6, 3, 4]], [-6, [6, 10, 7]], [5, [7, 2, 2]]], [[-2, [3, 9, 0]], [-2, [3, 0, 1]], [10, [7, 1, 1]], [-7, [8, 6, 9]], [5, [5, 6, 2]], [9, [5, 3, 1]], [1, [2, 9, 0]], [-8, [10, 0, 0]], [7, [0, 7, 6]], [7, [10, 10, 6]]]] 6813
0 [[[-10, [1, 5, 10]], [5, [0, 9, 6]], [-9, [0, 5, 6]], [0, [0, 10, 6]]], [[-9, [0, 9, 10]], [-10, [0, 9, 2]], [5, [3, 1, 1]]], [[-4, [0, 7, 6]]], [[-4, [10, 0, 7]], [3, [9, 2, 2]], [6, [9, 8, 9]], [-8, [9, 8, 3]], [-3, [9, 9, 8]]]] 5
0 [[[-4, [8, 8, 3]], [-6, [5, 8, 4]], [-2, [6, 1, 5]]], [[-9, [8, 7, 2]], [7, [9, 2, 5]], [-3, [4, 3, 5]], [-8, [0, 10, 4]], [1, [4, 8, 4]], [-10, [6, 4, 3]]]] 894
0 [[[-10, [1, 4, 0]], [-6, [8, 4, 1]], [1, [3, 0, 10]], [-7, [1, 5, 9]]], [[-9, [7, 8, 10]], [-7, [3, 2, 1]], [9, [10, 7, 2]]], [[-8, [5, 8, 6]], [-4, [2, 8, 0]], [-2, [9, 0, 5]], [1, [1, 5, 5]], [1, [10, 1, 2]], [-4, [2, 1, 3]], [0, [5, 2, 7]]], [[-6, [10, 5, 5]], [7, [6, 3, 3]], [3, [9, 8, 9]], [3, [4, 3, 4]], [10, [10, 2, 10]], [2, [8, 2, 0]], [-9, [9, 8, 4]], [9, [7, 0, 6]], [2, [4, 7, 10]], [-2, [5, 10, 5]]]] 831
0 [[[-10, [1, 3, 6]]], [[-4, [0, 3, 8]]]] 1
0 [[[-2, [2, 8, 8]], [8, [9, 5, 2]], [9, [7, 9, 8]]], [[-7, [4, 4, 5]], [-10, [6, 8, 2]], [0, [3, 4, 0]]], [[2, [4, 8, 10]], [5, [10, 10, 2]], [7, [4, 6, 8]], [-5, [2, 10, 8]]], [[2, [4, 8, 5]], [8, [3, 8, 5]], [2, [10, 1, 9]], [6, [2, 0, 1]]], [[5, [2, 1, 8]], [-8, [0, 7, 0]], [-2, [7, 3, 3]], [-3, [0, 10, 7]], [5, [0, 8, 5]], [-4, [1, 2, 1]], [1, [1, 3, 0]], [4, [3, 1, 10]], [-5, [8, 2, 2]], [3, [1, 0, 2]]]] 2489
0 [[[9, [9, 3, 0]], [6, [7, 5, 5]], [-10, [6, 8, 5]], [8, [1, 10, 6]], [-1, [6, 3, 7]], [8, [1, 2, 6]], [-10, [7, 5, 1]]], [[3, [7, 5, 6]], [-10, [5, 3, 6]]], [[1, [3, 10, 4]], [-6, [10, 6, 9]], [9, [4, 9, 8]], [3, [7, 2, 4]], [-4, [6, 5, 9]], [9, [5, 1, 10]], [6, [0, 9, 7]], [3, [1, 4, 9]]], [[-1, [10, 3, 6]], [0, [3, 6, 6]], [-1, [4, 8, 8]]], [[-10, [9, 6, 4]], [-4, [4, 10, 9]], [-8, [5, 3, 0]], [3, [7, 10, 9]], [-3, [2, 10, 7]]]] 1049
0 [[[-1, [7, 5, 2]], [8, [1, 4, 3]], [9, [10, 3, 1]], [7, [0, 3, 8]], [-6, [0, 9, 3]]]] 5
0 [[[7, [10, 7, 6]], [-10, [0, 4, 10]], [3, [0, 5, 0]], [-5, [8, 7, 10]], [-3, [2, 5, 1]]], [[4, [2, 0, 5]]], [[2, [1, 5, 1]], [3, [6, 1, 6]]], [[1, [9, 4, 0]], [0, [1, 0, 9]], [-10, [6, 9, 2]], [-3, [8, 0, 9]], [9, [7, 8, 10]]], [[-4, [10, 3, 3]], [-9, [5, 7, 1]], [-10, [4, 6, 3]], [-2, [6, 5, 5]], [-8, [4, 6, 8]], [2, [9, 5, 0]], [-2, [3, 8, 5]]]] 7
0 [[[-4, [9, 2, 9]], [10, [3, 8, 9]], [9, [1, 4, 10]], [-7, [9, 0, 4]], [-6, [0, 3, 10]], [-10, [5, 10, 6]], [-9, [7, 8, 8]], [-10, [6, 9, 6]]]] 8
0 [[[8, [7, 3, 8]], [10, [10, 4, 10]], [-8, [10, 8, 4]], [6, [6, 2, 6]], [-2, [9, 4, 2]], [4, [5, 6, 4]]], [[2, [2, 4, 6]], [-1, [4, 9, 1]], [8, [3, 4, 1]], [-6, [0, 7, 4]], [-8, [3, 2, 5]], [-5, [8, 5, 5]], [-1, [5, 4, 5]]], [[-9, [7, 1, 7]]], [[4, [3, 1, 0]], [6, [2, 3, 2]], [7, [8, 6, 1]], [-7, [0, 9, 2]]]] 1192
0 [[[2, [3, 3, 2]], [-4, [5, 3, 1]], [2, [9, 9, 9]], [-8, [10, 1, 7]]], [[0, [1, 9, 3]], [6, [9, 3, 4]], [-9, [2, 8, 4]], [-4, [3, 5, 1]], [-5, [5, 6, 0]], [-2, [7, 6, 10]], [1, [8, 2, 3]], [6, [5, 6, 7]]]] 13667
0 [[[-3, [8, 5, 3]], [-6, [5, 5, 7]], [-6, [1, 9, 2]], [3, [6, 10, 6]], [7, [4, 4, 1]], [3, [0, 6, 10]]], [[10, [5, 6, 10]], [7, [0, 2, 5]], [7, [9, 6, 2]], [-8, [10, 1, 5]], [-6, [8, 9, 5]], [-9, [6, 1, 5]], [10, [4, 8, 1]], [-8, [8, 0, 8]], [-9, [6, 2, 1]]], [[-5, [2, 8, 9]], [8, [6, 8, 2]], [3, [3, 10, 2]], [-6, [4, 3, 0]], [2, [6, 3, 3]], [4, [5, 10, 5]]], [[-5, [7, 10, 8]]]] 3051
2 [[[2, [6, 10, 7]], [-6, [10, 7, 2]], [-8, [1, 1, 1]]], [[-4, [3, 3, 6]], [6, [4, 1, 10]], [8, [2, 5, 0]], [6, [9, 3, 4]], [3, [4, 9, 10]], [-8, [3, 2, 7]], [-1, [0, 8, 1]], [10, [2, 1, 8]], [9, [10, 7, 9]]]] 1244
0 [[[6, [4, 7, 10]], [-5, [2, 3, 5]], [-10, [2, 1, 2]], [8, [3, 3, 7]], [1, [9, 10, 0]], [3, [8, 6, 1]]]] 6
0 [[[-10, [4, 4, 3]], [4, [0, 8, 9]], [-1, [6, 4, 5]], [-7, [10, 2, 7]], [-2, [8, 9, 0]], [-5, [4, 3, 9]]], [[-1, [8, 3, 9]]], [[-6, [4, 8, 6]], [-3, [1, 6, 10]], [-9, [5, 7, 5]], [-6, [7, 5, 0]], [6, [10, 9, 4]], [3, [4, 9, 6]], [3, [8, 3, 8]]], [[3, [8, 10, 5]], [1, [6, 4, 5]], [2, [6, 2, 0]], [-1, [6, 1, 10]], [-5, [10, 5, 2]], [-3, [7, 8, 9]]]] 998
0 [[[5, [1, 6, 4]], [-1, [2, 8, 8]], [-6, [6, 0, 0]], [6, [10, 1, 1]], [-1, [5, 10, 10]], [4, [6, 0, 6]], [1, [4, 4, 9]], [-10, [1, 10, 10]]], [[8, [9, 7, 6]], [3, [5, 1, 0]], [-9, [0, 8, 7]], [-2, [0, 8, 6]], [7, [7, 5, 7]], [2, [4, 3, 8]], [7, [1, 6, 2]], [0, [3, 7, 1]], [-6, [0, 10, 0]]], [[-2, [3, 7, 3]], [4, [9, 6, 1]], [-6, [4, 1, 3]], [-6, [1, 2, 1]], [5, [2, 3, 1]], [-8, [1, 3, 5]], [-4, [8, 10, 6]]], [[-3, [5, 6, 4]], [1, [0, 7, 7]]]] 2297
0 [[[-9, [1, 5, 8]], [-3, [8, 1, 8]], [-8, [3, 2, 5]], [-4, [1, 6, 7]], [4, [10, 7, 0]], [10, [0, 5, 4]], [7, [6, 3, 1]], [-10, [7, 1, 1]], [-7, [1, 0, 7]]], [[-4, [6, 5, 6]], [-6, [3, 0, 0]], [-10, [10, 1, 9]], [10, [0, 7, 1]], [6, [3, 9, 9]], [-2, [1, 3, 9]], [8, [7, 3, 3]], [3, [8, 0, 4]], [-10, [3, 4, 6]], [4, [7, 8, 0]]], [[7, [3, 9, 9]], [-5, [9, 3, 10]], [2, [0, 6, 9]], [3, [2, 10, 8]], [3, [8, 8, 2]], [6, [4, 9, 6]]], [[-1, [0, 1, 3]], [-10, [9, 9, 0]], [-4, [5, 7, 1]], [-8, [8, 0, 0]], [1, [4, 9, 2]], [2, [6, 6, 7]], [-3, [2, 7, 6]], [4, [4, 6, 7]], [-8, [9, 10, 10]], [3, [9, 10, 0]]], [[-10, [5, 3, 9]], [0, [1, 9, 1]], [3, [8, 0, 6]], [2, [7, 9, 0]], [10, [8, 8, 5]]]] 5281
0 [[[2, [4, 1, 7]], [7, [4, 3, 8]], [-1, [9, 2, 9]], [-4, [4, 3, 8]], [3, [10, 4, 4]], [4, [4, 8, 9]]], [[10, [8, 9, 9]], [5, [9, 0, 6]], [3, [0, 6, 0]], [4, [5, 6, 1]], [7, [2, 1, 10]], [4, [6, 8, 3]], [-6, [9, 9, 0]], [-3, [8, 3, 9]]], [[-2, [0, 1, 10]], [-10, [1, 0, 3]], [-2, [1, 9, 3]], [6, [6, 1, 1]]], [[-1, [8, 7, 5]], [9, [6, 1, 9]], [-1, [7, 2, 0]], [8, [3, 8, 0]], [-9, [2, 3, 0]], [9, [7, 0, 1]], [0, [10, 7, 7]], [5, [6, 4, 9]]], [[-2, [5, 5, 1]], [7, [8, 2, 6]], [4, [3, 5, 8]], [3, [2, 7, 6]], [3, [7, 0, 7]], [-7, [9, 6, 9]]]] 3639
0 [[[5, [2, 1, 10]], [2, [0, 7, 2]], [8, [2, 1, 7]], [-4, [5, 7, 9]], [2, [5, 3, 4]], [-8, [8, 1, 3]], [-4, [7, 8, 0]], [-6, [10, 5, 3]], [-1, [8, 6, 9]], [2, [1, 0, 0]]]] 10
6 [[[-8, [0, 9, 8]], [-3, [1, 6, 10]], [3, [7, 9, 2]], [10, [7, 6, 7]], [3, [9, 5, 0]], [0, [4, 5, 4]], [-4, [7, 4, 9]], [6, [7, 2, 7]], [-10, [5, 6, 5]]], [[-9, [3, 4, 9]], [2, [6, 7, 7]], [-6, [1, 2, 7]], [-6, [4, 0, 0]], [-9, [2, 3, 0]], [4, [8, 10, 7]]], [[-8, [6, 5, 5]]]] 41
6 [[[8, [4, 4, 7]], [6, [0, 1, 1]], [0, [4, 1, 10]], [-1, [10, 6, 4]]]] 3
2 [[[2, [1, 7, 7]], [7, [7, 9, 3]], [1, [10, 4, 7]], [-3, [8, 3, 2]], [-1, [7, 5, 4]], [9, [5, 5, 10]], [3, [8, 1, 1]], [2, [1, 9, 1]], [-7, [7, 9, 4]]], [[-2, [6, 6, 2]], [-1, [6, 10, 2]], [10, [9, 8, 4]]]] 841
2 [[[1, [4, 2, 0]], [6, [9, 8, 3]]], [[3, [9, 3, 0]], [2, [5, 6, 9]], [-10, [5, 3, 9]], [-7, [1, 6, 3]], [-3, [7, 3, 8]], [9, [8, 0, 1]], [-1, [2, 7, 3]], [-2, [3, 7, 0]]], [[6, [9, 8, 7]], [-7, [0, 0, 6]], [2, [0, 10, 9]], [-1, [1, 4, 4]], [-10, [3, 6, 2]], [4, [5, 10, 2]]]] 822
2 [[[5, [0, 0, 4]], [9, [4, 6, 9]], [4, [8, 3, 5]], [-6, [4, 3, 6]]], [[2, [1, 1, 6]], [9, [6, 3, 4]], [-5, [7, 2, 6]], [1, [8, 6, 8]], [5, [8, 0, 2]], [-5, [8, 5, 10]]], [[8, [6, 5, 0]], [9, [3, 9, 7]], [6, [9, 7, 1]], [-7, [1, 7, 5]]], [[-7, [3, 9, 2]], [7, [4, 4, 9]], [-9, [1, 0, 9]], [-8, [4, 7, 8]], [5, [9, 8, 5]], [-5, [8, 6, 1]]]] 856
2 [[[6, [2, 6, 8]], [-2, [5, 8, 6]], [10, [1, 10, 3]], [-9, [5, 10, 7]], [-6, [2, 6, 9]], [10, [9, 3, 3]], [0, [1, 9, 1]], [1, [9, 6, 3]], [-1, [2, 3, 9]], [0, [9, 10, 5]]]] 8
2 [[[2, [2, 7, 5]]]] 1
1 [[[9, [3, 4, 5]], [10, [1, 5, 0]], [2, [7, 3, 1]]], [[-5, [3, 4, 2]], [-7, [4, 7, 7]], [-6, [6, 6, 7]], [-10, [2, 0, 10]], [9, [0, 1, 0]], [-5, [8, 2, 4]], [-10, [5, 8, 1]]], [[7, [5, 5, 3]], [2, [6, 8, 9]], [-3, [10, 6, 5]], [9, [7, 6, 3]], [4, [0, 9, 8]]], [[-6, [2, 10, 2]], [0, [2, 9, 3]], [6, [8, 0, 5]], [0, [10, 4, 5]], [4, [10, 3, 10]], [3, [7, 7, 8]], [-8, [9, 8, 5]], [-10, [1, 8, 3]], [0, [7, 9, 0]]]] 864
0 [[[1, [10, 9, 3]]], [[5, [8, 6, 7]], [-3, [8, 9, 8]], [7, [7, 8, 6]], [0, [1, 4, 2]], [-10, [6, 7, 3]], [-7, [5, 10, 4]], [5, [4, 5, 4]]]] 2115
0 [[[-8, [3, 3, 9]], [4, [7, 0, 5]], [10, [9, 0, 7]], [4, [9, 6, 4]]]] 4
2 [[[8, [3, 7, 8]], [-7, [3, 3, 4]], [-9, [9, 5, 2]], [10, [0, 10, 5]], [10, [3, 8, 10]], [1, [9, 5, 2]], [1, [0, 8, 2]], [4, [5, 4, 3]], [-10, [9, 3, 9]], [-3, [3, 3, 4]]], [[-1, [9, 6, 8]], [2, [0, 4, 5]], [1, [2, 9, 8]], [5, [7, 0, 8]], [-7, [10, 3, 1]], [9, [0, 10, 10]]], [[-7, [1, 3, 9]], [6, [9, 4, 1]], [-1, [5, 2, 4]], [4, [4, 0, 5]], [3, [2, 3, 0]], [3, [5, 1, 0]], [3, [8, 3, 8]], [5, [0, 7, 7]]], [[-4, [8, 8, 1]]]] 839
0 [[[5, [3, 9, 2]], [-2, [1, 8, 8]], [-5, [3, 3, 2]], [4, [10, 6, 3]], [6, [7, 0, 0]], [-1, [6, 2, 0]]], [[3, [7, 2, 5]], [-6, [10, 9, 3]], [-4, [7, 1, 10]], [7, [10, 4, 9]], [4, [4, 4, 3]], [7, [4, 6, 5]], [10, [8, 8, 0]]], [[-3, [10, 4, 2]], [-4, [9, 5, 6]], [1, [3, 6, 10]], [-5, [8, 7, 7]], [-4, [7, 8, 8]], [10, [0, 1, 9]], [1, [8, 5, 7]]], [[10, [6, 4, 2]], [-2, [9, 3, 6]], [-4, [6, 9, 0]], [-5, [5, 0, 9]], [-6, [3, 5, 0]]]] 1193
0 [[[3, [6, 5, 0]], [-8, [9, 7, 2]], [-1, [0, 6, 3]], [6, [4, 4, 9]], [3, [2, 6, 0]], [4, [1, 6, 9]]], [[-4, [9, 5, 4]], [-7, [4, 2, 5]], [-6, [10, 0, 6]], [-3, [0, 7, 2]], [-7, [6, 5, 3]], [-6, [1, 3, 4]], [10, [9, 3, 10]], [9, [8, 2, 9]]], [[10, [0, 3, 1]], [9, [1, 2, 4]], [-4, [10, 10, 10]], [10, [2, 8, 4]], [5, [2, 7, 8]], [9, [8, 5, 8]], [0, [1, 7, 9]], [-3, [5, 10, 10]]]] 980
0 [[[-5, [9, 3, 4]], [-10, [10, 0, 10]], [-5, [6, 6, 4]], [8, [5, 6, 3]], [4, [10, 1, 7]], [-8, [0, 1, 6]]], [[2, [4, 0, 10]], [-10, [2, 1, 8]], [0, [1, 4, 8]], [-4, [6, 5, 6]], [4, [1, 1, 3]], [-9, [7, 1, 5]], [-7, [10, 4, 1]], [8, [10, 9, 1]], [7, [0, 9, 1]]], [[-7, [5, 1, 7]], [5, [1, 8, 5]], [-6, [4, 0, 5]], [-9, [1, 0, 2]], [3, [7, 6, 0]], [1, [3, 1, 5]], [-5, [9, 7, 9]], [-1, [10, 3, 9]], [6, [9, 5, 9]], [-7, [4, 1, 6]]]] 1363
1 [[[8, [1, 4, 8]], [-7, [10, 10, 0]]], [[-9, [0, 7, 9]], [8, [7, 4, 8]], [-8, [2, 0, 5]], [-2, [9, 0, 4]], [-1, [5, 0, 2]], [6, [9, 1, 10]], [-7, [0, 9, 0]]]] 386
6 [[[-5, [0, 1, 2]], [7, [4, 0, 8]], [9, [1, 7, 3]], [-3, [2, 0, 7]], [-6, [2, 6, 3]], [-4, [8, 7, 5]], [-4, [3, 4, 5]], [10, [10, 1, 4]]], [[5, [7, 5, 9]], [0, [8, 2, 10]], [-3, [5, 6, 6]]]] 131
2 [[[-1, [0, 5, 3]], [5, [3, 10, 9]], [2, [5, 0, 8]], [9, [6, 7, 8]], [1, [3, 7, 8]], [4, [0, 9, 1]]], [[0, [6, 1, 0]], [6, [6, 3, 8]], [10, [8, 0, 8]], [9, [10, 7, 5]]]] 361
2 [[[3, [6, 8, 6]], [3, [9, 5, 5]], [1, [10, 4, 6]], [8, [10, 7, 9]], [3, [7, 8, 1]], [9, [9, 2, 6]], [1, [9, 0, 7]]], [[8, [2, 9, 2]], [10, [8, 1, 0]], [-3, [0, 5, 5]], [-10, [10, 1, 2]], [-5, [8, 10, 7]], [-6, [9, 5, 8]], [-6, [5, 9, 8]], [8, [8, 6, 1]]]] 829
2 [[[-2, [0, 4, 4]]], [[5, [6, 3, 2]], [8, [3, 6, 2]], [10, [9, 1, 3]]], [[0, [5, 10, 10]], [-6, [5, 0, 1]], [2, [9, 7, 3]], [-3, [8, 1, 1]], [-6, [3, 9, 0]], [-4, [9, 2, 2]], [-3, [7, 3, 1]]], [[1, [0, 1, 5]], [-6, [10, 7, 10]], [10, [6, 6, 3]], [8, [4, 0, 4]], [-5, [5, 6, 7]]], [[-9, [1, 10, 4]], [-10, [10, 6, 5]], [-4, [7, 8, 7]], [-9, [0, 8, 5]]]] 18
2 [[[-1, [6, 10, 2]], [-2, [10, 8, 3]]]] 2
2 [[[3, [0, 6, 6]], [7, [6, 9, 4]], [-7, [1, 8, 7]], [8, [2, 0, 8]], [8, [0, 4, 6]], [-10, [9, 2, 1]], [0, [10, 5, 9]]], [[-1, [4, 7, 6]], [-3, [10, 6, 4]], [7, [6, 9, 6]], [-4, [6, 5, 3]], [1, [9, 3, 1]], [-8, [8, 8, 5]], [6, [8, 10, 9]]], [[-6, [6, 5, 7]], [-2, [0, 0, 9]], [-7, [4, 4, 10]]], [[-7, [7, 0, 5]], [-10, [7, 9, 7]], [-5, [5, 3, 4]], [10, [3, 10, 9]], [3, [8, 0, 4]], [-8, [6, 8, 0]], [-6, [0, 9, 2]], [7, [3, 9, 6]], [4, [3, 7, 4]]]] 929
2 [[[-5, [10, 6, 7]], [9, [6, 5, 6]], [8, [3, 9, 3]], [-9, [1, 5, 7]], [-10, [6, 1, 7]], [1, [6, 7, 5]], [9, [9, 9, 4]], [-10, [5, 6, 2]]], [[-8, [6, 1, 0]], [-2, [2, 4, 8]], [7, [9, 8, 4]], [-10, [3, 1, 3]], [0, [5, 1, 5]], [0, [10, 4, 1]], [-9, [1, 4, 0]], [8, [9, 4, 2]], [5, [2, 5, 7]]], [[7, [10, 4, 10]], [5, [8, 9, 2]], [5, [5, 8, 0]], [2, [10, 1, 8]], [8, [10, 7, 1]], [7, [4, 8, 6]], [6, [1, 9, 1]], [-9, [3, 10, 6]], [4, [5, 10, 8]]], [[3, [9, 6, 6]]], [[1, [0, 9, 1]], [-10, [6, 6, 9]], [1, [5, 5, 10]], [-6, [6, 5, 8]], [-5, [6, 10, 10]]]] 807
1 [[[2, [5, 2, 7]], [8, [9, 0, 8]], [-1, [4, 10, 9]], [6, [4, 8, 2]], [-1, [10, 7, 4]], [4, [0, 1, 9]], [1, [10, 3, 10]], [-3, [2, 3, 4]]], [[-3, [3, 10, 2]], [7, [3, 2, 5]], [-1, [4, 7, 2]], [6, [7, 4, 8]], [4, [1, 9, 6]], [-9, [5, 3, 4]]], [[-9, [7, 6, 1]], [-5, [9, 2, 6]], [0, [5, 1, 7]], [-8, [10, 6, 6]], [-5, [7, 2, 1]], [7, [4, 6, 0]], [-8, [9, 1, 5]], [9, [7, 4, 5]], [-9, [5, 0, 10]]], [[6, [5, 0, 6]]]] 15
6 [[[4, [8, 8, 4]], [6, [9, 6, 6]], [8, [10, 7, 4]], [-7, [6, 3, 1]], [5, [5, 1, 10]], [-2, [7, 7, 3]], [-5, [5, 0, 1]], [7, [0, 3, 3]], [-9, [7, 6, 0]], [-8, [10, 6, 4]]], [[3, [7, 5, 8]], [-9, [0, 6, 5]], [-2, [5, 2, 10]], [-3, [2, 1, 3]], [8, [0, 9, 10]]], [[-6, [7, 8, 1]], [6, [7, 1, 1]]]] 877
6 [[[-4, [5, 0, 7]]], [[-2, [3, 7, 3]], [-1, [2, 0, 3]], [-2, [3, 9, 1]], [9, [8, 9, 7]]], [[-2, [2, 2, 3]], [-8, [2, 5, 9]], [7, [5, 4, 9]]], [[8, [4, 1, 6]], [7, [1, 6, 2]], [6, [10, 10, 10]]]] 4
6 [[[-10, [9, 5, 6]], [4, [0, 3, 0]], [-10, [6, 10, 0]], [-4, [3, 10, 7]]], [[1, [6, 4, 0]]]] 4
6 [[[-7, [8, 7, 4]], [4, [5, 1, 7]], [7, [0, 7, 4]], [10, [0, 5, 5]], [-8, [0, 6, 5]], [3, [5, 7, 2]], [1, [9, 10, 2]], [8, [7, 2, 7]], [9, [10, 6, 4]], [-7, [10, 9, 9]]], [[-5, [4, 0, 6]], [5, [1, 5, 10]], [-4, [5, 9, 9]]], [[4, [0, 3, 10]], [10, [1, 2, 3]], [3, [9, 6, 4]], [5, [1, 6, 4]], [-2, [5, 7, 7]], [-8, [2, 6, 7]]], [[7, [7, 5, 5]], [-5, [1, 10, 2]]]] 851
6 [[[10, [6, 0, 1]], [-6, [0, 0, 6]]], [[3, [1, 2, 3]], [-7, [1, 2, 7]], [8, [10, 10, 6]], [-5, [0, 9, 6]], [6, [2, 7, 3]], [-8, [2, 7, 8]], [6, [4, 7, 4]], [5, [1, 9, 6]], [10, [4, 9, 1]], [-9, [8, 2, 0]]], [[1, [5, 2, 1]], [3, [9, 0, 8]], [4, [4, 5, 1]], [-6, [9, 2, 8]], [-6, [2, 10, 0]], [-2, [2, 1, 2]], [-4, [5, 5, 1]], [-5, [8, 6, 8]]]] 809
6 [[[-6, [1, 1, 6]], [4, [8, 9, 7]], [-2, [5, 7, 5]], [-4, [7, 8, 1]], [8, [4, 1, 9]], [-7, [0, 5, 7]], [-4, [7, 3, 9]], [9, [3, 0, 10]], [6, [0, 1, 0]], [10, [4, 10, 10]]]] 10
6 [[[6, [9, 0, 5]], [-2, [3, 3, 8]], [-4, [4, 8, 1]], [4, [7, 5, 4]], [-4, [9, 2, 4]], [-1, [1, 3, 1]], [6, [4, 7, 10]], [4, [2, 8, 10]], [9, [6, 0, 1]], [-6, [3, 2, 3]]], [[-5, [10, 5, 10]], [0, [8, 3, 8]], [-8, [3, 9, 4]]], [[0, [7, 3, 7]]]] 1899
6 [[[9, [3, 7, 5]], [9, [0, 10, 4]], [-9, [0, 0, 5]], [0, [6, 5, 2]]], [[-5, [1, 10, 7]]], [[-6, [6, 8, 5]], [4, [0, 10, 5]], [-1, [4, 9, 2]]], [[9, [7, 2, 0]], [-3, [10, 9, 1]], [-7, [0, 3, 5]], [10, [8, 1, 4]], [-10, [8, 2, 6]], [3, [4, 6, 7]], [6, [10, 6, 7]], [7, [9, 4, 3]], [5, [5, 7, 6]]]] 9
6 [[[-4, [3, 4, 5]], [10, [6, 6, 0]], [-8, [9, 1, 3]]], [[-7, [6, 5, 1]], [-7, [3, 2, 5]], [7, [10, 7, 3]], [-1, [10, 7, 7]]], [[9, [0, 8, 1]], [9, [3, 5, 10]], [2, [8, 8, 0]], [4, [8, 10, 9]], [6, [3, 6, 3]], [-7, [10, 9, 3]], [-10, [2, 0, 7]]], [[-8, [5, 2, 9]], [6, [6, 10, 2]], [-10, [1, 6, 8]], [-6, [8, 8, 9]], [-8, [3, 0, 3]]], [[10, [7, 6, 8]], [7, [9, 2, 5]], [4, [0, 4, 9]], [5, [5, 9, 3]], [0, [5, 9, 3]], [-1, [0, 3, 8]], [-3, [2, 4, 4]], [9, [7, 4, 7]]]] 824
6 [[[-8, [2, 8, 5]], [0, [7, 1, 10]]]] 1
6 [[[4, [10, 7, 7]], [-6, [7, 6, 1]], [2, [2, 2, 4]], [4, [1, 9, 4]], [-2, [9, 10, 8]], [-9, [1, 5, 2]], [9, [2, 8, 3]]], [[-6, [6, 8, 6]], [10, [1, 0, 3]], [-6, [7, 7, 8]], [-10, [5, 0, 3]], [-10, [3, 4, 8]], [7, [3, 6, 1]], [0, [10, 3, 10]]]] 828
6 [[[9, [5, 8, 3]], [-1, [5, 5, 4]], [-5, [5, 9, 3]], [10, [4, 2, 1]], [-4, [3, 7, 7]]]] 5
6 [[[9, [0, 9, 3]], [6, [1, 9, 0]], [3, [9, 6, 2]], [-3, [0, 2, 3]], [-1, [8, 0, 9]], [3, [4, 0, 1]], [0, [8, 3, 7]], [6, [5, 7, 1]], [6, [6, 2, 3]]], [[4, [9, 6, 10]], [-2, [3, 9, 1]], [-10, [7, 5, 9]], [6, [8, 6, 7]]]] 531
6 [[[-2, [3, 9, 8]], [-1, [4, 5, 2]], [3, [3, 8, 7]], [-5, [3, 2, 8]], [-2, [1, 5, 4]], [-9, [10, 7, 10]], [6, [5, 3, 1]], [3, [1, 7, 6]]], [[9, [1, 8, 4]], [2, [7, 9, 1]], [-2, [0, 8, 5]]]] 327
2 [[[-9, [1, 0, 9]], [-9, [0, 3, 2]], [-4, [7, 1, 6]], [-4, [0, 3, 2]], [-8, [2, 10, 8]]], [[5, [4, 1, 0]], [3, [8, 8, 6]]], [[8, [5, 0, 9]], [5, [3, 10, 2]], [-1, [6, 3, 4]], [-9, [10, 10, 7]], [-7, [10, 7, 9]], [1, [2, 10, 2]], [0, [0, 5, 3]], [2, [8, 4, 7]], [1, [4, 4, 0]], [5, [6, 1, 7]]], [[-10, [1, 7, 2]], [8, [10, 10, 6]], [7, [1, 1, 10]], [-8, [4, 6, 4]], [-9, [4, 1, 2]], [9, [9, 5, 4]], [2, [9, 0, 7]]]] 934
2 [[[-6, [4, 7, 5]]], [[-5, [4, 2, 3]], [8, [2, 2, 7]]], [[-4, [8, 8, 10]], [-9, [4, 2, 4]], [5, [4, 6, 5]], [5, [6, 8, 0]], [8, [2, 7, 7]], [-1, [3, 5, 0]]]] 6
2 [[[2, [9, 6, 2]]], [[-9, [1, 5, 9]], [-7, [10, 1, 0]], [5, [6, 8, 8]], [5, [0, 10, 7]]], [[-7, [1, 4, 6]], [-1, [8, 6, 7]], [6, [9, 5, 4]]], [[1, [4, 1, 1]], [6, [9, 6, 4]], [-8, [10, 7, 1]], [4, [1, 2, 6]], [-3, [8, 4, 10]], [9, [9, 8, 5]]], [[3, [8, 4, 6]], [1, [9, 2, 4]]]] 6
1 [[[-6, [3, 5, 7]], [3, [7, 4, 7]], [6, [0, 6, 7]], [-1, [8, 4, 0]], [-3, [8, 6, 7]], [10, [1, 7, 8]]], [[5, [1, 10, 10]], [-7, [10, 10, 0]], [5, [4, 4, 5]], [7, [1, 9, 0]]], [[5, [9, 3, 5]], [9, [8, 2, 8]], [8, [4, 5, 6]], [6, [5, 4, 1]], [-1, [3, 7, 10]], [-2, [9, 2, 7]], [4, [10, 0, 5]]], [[-4, [0, 10, 1]], [-1, [2, 6, 4]]], [[9, [4, 8, 8]], [-7, [2, 6, 2]], [2, [8, 2, 8]], [-5, [2, 0, 10]], [-6, [4, 9, 4]], [-6, [7, 5, 9]], [2, [10, 0, 6]], [10, [7, 4, 10]]]] 820
1 [[[7, [6, 1, 2]], [10, [8, 0, 4]], [-2, [6, 1, 3]], [-9, [2, 5, 9]], [-6, [3, 3, 6]], [6, [3, 3, 2]], [-10, [7, 1, 10]]], [[9, [2, 8, 10]], [8, [5, 3, 2]], [6, [2, 7, 1]], [1, [2, 3, 1]], [8, [2, 7, 8]], [-2, [10, 4, 2]], [10, [1, 6, 2]]]] 906
6 [[[-5, [3, 2, 4]], [-7, [0, 9, 5]], [7, [0, 8, 9]], [6, [4, 1, 0]], [0, [1, 10, 3]]], [[-1, [4, 9, 3]], [1, [4, 3, 7]], [7, [7, 10, 3]], [10, [8, 4, 9]]], [[5, [10, 8, 8]], [8, [0, 8, 5]]]] 834
6 [[[-6, [3, 7, 4]], [-7, [10, 5, 1]], [-8, [10, 6, 1]], [8, [6, 0, 7]]], [[6, [5, 7, 6]], [10, [7, 8, 10]], [6, [6, 3, 5]], [3, [10, 6, 1]]], [[10, [7, 0, 8]], [-3, [3, 1, 0]], [2, [7, 8, 5]], [-6, [6, 4, 0]]]] 882
6 [[[-4, [7, 3, 4]], [-5, [3, 9, 0]], [8, [5, 6, 10]], [0, [9, 0, 4]], [9, [3, 4, 6]], [5, [2, 2, 2]], [-6, [6, 2, 6]], [-4, [8, 7, 4]]], [[1, [6, 8, 8]], [0, [5, 4, 3]], [4, [2, 10, 3]]]] 94
6 [[[9, [6, 1, 6]], [-7, [8, 5, 10]], [6, [1, 8, 2]], [-5, [7, 3, 4]], [-10, [10, 3, 10]], [-3, [1, 2, 9]], [9, [2, 8, 0]], [-8, [1, 9, 0]]], [[-2, [6, 0, 3]], [5, [5, 0, 9]], [-4, [0, 10, 0]], [2, [1, 8, 5]], [10, [0, 2, 8]], [6, [4, 8, 3]], [9, [6, 5, 2]]], [[1, [9, 8, 8]], [0, [0, 5, 5]], [-5, [1, 10, 6]], [-3, [8, 9, 9]], [7, [6, 3, 6]], [-7, [5, 10, 5]], [-1, [0, 2, 0]], [-3, [2, 8, 4]], [-8, [2, 1, 5]]]] 928
1 [[[3, [3, 10, 1]], [-3, [2, 4, 8]], [-8, [7, 7, 0]], [-2, [6, 7, 4]], [-3, [4, 8, 6]], [-6, [7, 10, 6]], [-1, [3, 1, 0]], [0, [8, 0, 6]]], [[8, [9, 6, 5]], [6, [8, 7, 1]], [3, [2, 10, 2]], [9, [9, 4, 8]], [5, [2, 7, 2]], [0, [3, 2, 6]], [1, [3, 7, 2]], [5, [5, 1, 4]], [7, [8, 6, 5]], [2, [6, 3, 7]]], [[-9, [6, 1, 10]]], [[2, [6, 6, 10]], [-4, [4, 7, 8]], [-2, [8, 4, 5]], [5, [4, 7, 5]], [-1, [6, 9, 6]], [-6, [4, 4, 5]], [7, [0, 6, 7]], [1, [10, 3, 5]]]] 814
1 [[[2, [2, 2, 10]], [-2, [4, 9, 1]], [3, [3, 8, 1]]], [[-3, [8, 1, 2]], [3, [5, 4, 3]], [0, [9, 10, 1]], [-8, [7, 8, 9]], [5, [1, 5, 1]], [0, [4, 10, 10]], [-3, [2, 0, 9]], [-10, [9, 5, 2]], [-7, [8, 9, 6]]]] 155
1 [[[0, [8, 0, 4]], [9, [8, 9, 9]], [-4, [4, 5, 3]], [-2, [9, 3, 4]], [-4, [10, 1, 6]], [10, [5, 2, 6]], [8, [2, 4, 9]], [3, [2, 9, 6]], [2, [4, 8, 6]]], [[7, [1, 0, 6]], [6, [2, 5, 10]], [9, [7, 5, 8]], [10, [8, 7, 4]], [-10, [2, 3, 7]], [5, [1, 5, 1]]], [[7, [7, 3, 0]], [3, [7, 1, 5]], [-2, [1, 1, 5]], [8, [2, 4, 10]], [1, [4, 6, 9]], [2, [0, 2, 0]], [0, [10, 6, 6]], [-1, [6, 0, 5]]], [[-7, [7, 4, 0]], [0, [3, 10, 1]], [7, [3, 8, 5]]]] 810
1 [[[4, [0, 3, 1]], [-2, [3, 8, 7]], [4, [4, 3, 9]], [-6, [3, 8, 7]], [8, [4, 8, 0]], [6, [10, 7, 5]], [-9, [1, 8, 9]], [-5, [10, 9, 8]], [-7, [10, 3, 9]], [-1, [8, 1, 8]]]] 9
1 [[[-7, [10, 8, 4]], [6, [0, 3, 5]]], [[5, [10, 7, 0]]], [[2, [8, 1, 3]], [1, [3, 9, 8]], [9, [5, 9, 9]], [0, [4, 6, 2]], [0, [9, 1, 5]], [3, [2, 5, 8]], [-1, [6, 5, 5]], [-9, [6, 5, 2]], [1, [10, 3, 7]], [2, [7, 2, 4]]]] 8
1 [[[-8, [10, 7, 9]], [-6, [2, 4, 0]], [1, [6, 7, 10]], [5, [10, 5, 7]]], [[7, [8, 3, 10]], [-4, [4, 4, 10]]], [[10, [7, 3, 5]], [7, [6, 7, 10]], [-5, [1, 8, 6]], [6, [10, 9, 4]], [-1, [2, 2, 1]], [5, [0, 2, 3]]], [[-7, [3, 1, 6]], [-1, [4, 7, 3]], [-7, [5, 9, 7]], [10, [10, 9, 8]], [-7, [9, 10, 3]], [3, [10, 7, 6]], [-9, [8, 0, 9]], [4, [0, 0, 5]], [6, [2, 10, 4]]], [[0, [7, 1, 5]], [-4, [5, 7, 7]]]] 9
1 [[[2, [9, 10, 10]], [9, [8, 1, 2]], [0, [8, 5, 9]], [-9, [1, 1, 5]], [-1, [8, 1, 5]]]] 4
2 [[[-10, [3, 5, 9]], [-5, [8, 2, 8]], [-8, [7, 8, 2]], [2, [10, 1, 0]], [-10, [4, 9, 6]], [-5, [9, 0, 9]], [-2, [9, 8, 2]], [8, [7, 7, 1]], [-9, [5, 5, 5]], [-5, [6, 2, 8]]], [[-7, [0, 8, 4]], [10, [1, 4, 7]]], [[6, [2, 9, 9]]]] 232
2 [[[10, [2, 2, 5]], [-2, [9, 9, 6]], [-10, [9, 5, 2]], [-5, [5, 3, 3]], [0, [0, 5, 2]]], [[1, [10, 0, 6]], [-7, [2, 1, 7]], [8, [8, 7, 1]]], [[5, [8, 9, 7]], [-1, [10, 10, 0]], [6, [5, 3, 10]], [-8, [5, 5, 10]], [10, [0, 7, 10]], [1, [8, 3, 10]], [8, [10, 4, 2]], [6, [8, 10, 8]], [-2, [7, 8, 2]]]] 883
2 [[[0, [5, 5, 9]], [10, [2, 3, 4]]], [[7, [1, 0, 9]], [9, [4, 8, 3]], [10, [1, 9, 0]], [5, [8, 8, 5]], [4, [1, 8, 5]], [1, [3, 4, 4]], [-10, [3, 10, 5]], [4, [8, 1, 9]]], [[2, [3, 5, 8]], [-4, [7, 7, 0]], [-7, [0, 1, 1]], [1, [8, 0, 9]], [-8, [9, 1, 6]], [7, [4, 2, 1]], [-9, [3, 4, 3]]]] 8
2 [[[5, [9, 2, 2]]], [[-6, [10, 6, 5]], [-6, [6, 4, 6]], [-7, [1, 9, 6]], [9, [6, 7, 10]], [-4, [3, 6, 6]], [2, [3, 6, 6]], [6, [0, 2, 1]], [10, [10, 2, 2]], [-8, [8, 0, 2]]], [[-6, [10, 6, 8]], [10, [2, 10, 3]], [5, [3, 1, 7]]]] 18
2 [[[-10, [9, 10, 10]], [5, [5, 0, 4]]]] 2
2 [[[-7, [2, 5, 7]], [-4, [5, 6, 7]], [4, [0, 9, 2]], [-9, [0, 2, 7]], [-2, [6, 9, 0]], [8, [2, 2, 7]], [2, [10, 3, 10]]], [[-9, [9, 0, 4]], [2, [1, 3, 8]], [-3, [4, 10, 2]]], [[1, [5, 3, 5]], [9, [6, 10, 2]]]] 52
2 [[[0, [4, 10, 7]], [6, [5, 10, 9]]], [[1, [6, 6, 10]], [0, [6, 0, 6]], [2, [9, 7, 0]], [-5, [2, 8, 4]]]] 3
2 [[[-7, [6, 10, 0]], [-9, [0, 1, 7]], [-4, [3, 2, 10]], [-10, [0, 2, 0]]], [[-9, [3, 9, 4]], [-9, [6, 4, 3]], [10, [6, 5, 5]]]] 18
4 [[[-5, [4, 3, 10]], [8, [10, 1, 4]], [-2, [5, 1, 1]], [1, [3, 7, 3]], [7, [1, 8, 6]], [8, [1, 7, 3]], [-9, [0, 0, 9]], [-5, [10, 0, 7]]], [[6, [3, 2, 7]], [-3, [7, 5, 8]], [-8, [9, 3, 0]], [3, [5, 8, 4]], [8, [5, 3, 3]], [5, [9, 10, 3]], [-4, [0, 10, 3]], [-2, [4, 5, 5]]], [[0, [5, 2, 8]], [2, [7, 3, 4]]], [[3, [3, 9, 4]], [-10, [5, 7, 6]], [-7, [2, 10, 0]], [4, [3, 2, 8]], [0, [2, 10, 4]]]] -1
5 [[[-4, [10, 8, 5]], [0, [4, 4, 7]], [-9, [3, 10, 9]], [5, [9, 2, 10]], [5, [3, 6, 0]], [-9, [9, 6, 1]], [2, [9, 9, 4]], [-9, [10, 9, 1]]], [[-2, [1, 8, 1]], [-3, [6, 4, 10]], [5, [9, 6, 2]], [5, [8, 6, 0]], [-9, [4, 4, 2]], [1, [10, 10, 0]]]] -1
4 [[[-3, [9, 8, 3]], [-8, [5, 2, 1]], [10, [1, 4, 5]], [-9, [9, 7, 10]], [7, [10, 8, 2]], [9, [6, 0, 0]], [0, [2, 5, 6]], [9, [8, 5, 1]], [-6, [9, 10, 1]], [2, [2, 7, 8]]], [[-1, [6, 3, 7]], [-7, [4, 7, 5]], [-4, [7, 4, 1]]]] -1
5 [[[-5, [9, 10, 7]], [5, [8, 3, 3]], [6, [5, 4, 0]], [2, [7, 7, 2]], [4, [8, 4, 3]], [-10, [9, 0, 8]]]] 6
4 [[[0, [9, 1, 2]], [3, [2, 5, 7]], [-8, [1, 5, 9]], [-5, [5, 6, 5]], [-1, [5, 4, 8]], [5, [0, 7, 3]], [5, [8, 3, 5]]]] 6
4 [[[-6, [0, 2, 9]]], [[-4, [1, 2, 9]], [-10, [5, 8, 6]], [-7, [8, 6, 1]], [-9, [2, 5, 9]], [0, [7, 2, 5]], [-8, [8, 4, 8]], [-8, [0, 9, 9]]], [[-6, [8, 3, 5]], [0, [5, 6, 6]], [-5, [2, 2, 4]], [6, [0, 5, 10]], [1, [4, 8, 5]], [-8, [4, 9, 9]], [-6, [4, 0, 9]], [4, [5, 10, 3]], [-9, [8, 2, 8]]]] 8
4 [[[6, [7, 7, 1]], [-3, [3, 2, 0]]], [[9, [8, 7, 1]], [9, [7, 2, 5]], [-3, [5, 0, 6]], [-1, [5, 0, 0]], [-2, [3, 9, 4]], [6, [6, 10, 2]], [-5, [3, 0, 9]], [-9, [7, 9, 2]], [-3, [6, 2, 10]]]] 9
3 [[[10, [6, 6, 10]], [-5, [0, 10, 4]], [-6, [8, 7, 9]]], [[-1, [5, 4, 5]], [1, [2, 8, 4]], [-10, [3, 2, 8]], [8, [7, 1, 8]]]] -1
3 [[[3, [1, 0, 8]]], [[7, [6, 4, 2]], [6, [4, 2, 4]], [-5, [6, 1, 0]], [-9, [7, 6, 5]], [-5, [2, 2, 10]]]] 5
5 [[[1, [9, 5, 10]], [1, [7, 0, 9]], [-10, [10, 4, 7]], [-7, [5, 9, 0]], [-1, [3, 6, 2]]], [[1, [1, 1, 5]], [2, [10, 8, 3]], [6, [4, 1, 6]], [-5, [6, 0, 8]], [-5, [2, 6, 5]], [2, [6, 7, 9]]], [[8, [2, 7, 4]], [-3, [8, 3, 6]], [10, [6, 9, 3]], [-2, [2, 3, 2]], [8, [1, 6, 6]], [10, [8, 9, 8]], [5, [5, 0, 6]], [-4, [1, 5, 5]], [9, [2, 1, 5]], [-9, [3, 8, 9]]]] -1
5 [[[3, [7, 3, 6]], [0, [8, 2, 4]], [0, [4, 8, 1]], [-10, [6, 6, 7]], [-1, [10, 7, 8]], [-1, [3, 6, 2]], [-5, [2, 2, 9]], [0, [3, 6, 4]]]] 5
3 [[[-4, [10, 1, 4]], [-2, [9, 2, 1]], [7, [9, 5, 4]], [4, [4, 9, 6]], [-8, [3, 0, 2]], [7, [8, 4, 5]], [-5, [0, 2, 9]], [2, [0, 2, 5]], [-6, [1, 10, 1]], [1, [5, 3, 1]]], [[-10, [8, 4, 8]], [6, [4, 10, 4]]]] -1
3 [[[-2, [1, 5, 1]], [4, [7, 6, 5]], [0, [3, 5, 7]], [7, [6, 8, 4]], [-10, [0, 10, 10]], [-8, [1, 2, 6]], [-9, [2, 4, 3]], [4, [3, 6, 5]], [3, [4, 0, 5]]]] 8
3 [[[8, [1, 4, 5]], [4, [8, 8, 4]], [9, [6, 0, 4]], [9, [4, 3, 7]], [9, [0, 1, 9]], [3, [6, 8, 3]], [10, [10, 7, 3]]]] 7
3 [[[-8, [7, 2, 7]], [1, [10, 2, 9]], [7, [6, 10, 4]], [0, [8, 6, 3]], [-10, [2, 1, 4]], [0, [4, 8, 7]]], [[-8, [4, 6, 5]], [-4, [4, 10, 4]], [-2, [3, 3, 0]]]] 4
3 [[[-5, [3, 1, 0]], [10, [10, 2, 5]], [8, [4, 0, 6]], [-6, [5, 3, 8]], [-5, [10, 1, 6]]]] 5
3 [[[-1, [0, 0, 10]], [-9, [2, 1, 8]], [-3, [9, 0, 4]], [2, [1, 5, 10]]], [[-5, [7, 6, 7]], [5, [7, 8, 10]], [-5, [1, 1, 2]], [-4, [6, 5, 5]], [6, [1, 4, 9]], [3, [5, 5, 0]]], [[-1, [0, 3, 5]], [-9, [7, 8, 7]], [8, [6, 4, 9]], [7, [7, 1, 0]], [5, [3, 10, 2]], [7, [6, 8, 8]], [8, [9, 6, 6]]]] 7
3 [[[-4, [0, 6, 9]], [-3, [0, 2, 7]], [4, [7, 5, 10]]], [[-7, [3, 9, 3]], [7, [1, 5, 1]], [10, [9, 4, 10]], [2, [0, 6, 6]], [-10, [9, 7, 1]], [7, [4, 9, 10]]], [[5, [9, 2, 4]], [-10, [6, 6, 6]], [5, [2, 7, 5]], [10, [4, 4, 9]], [9, [0, 7, 0]], [7, [2, 1, 0]]], [[-2, [4, 3, 0]], [5, [8, 9, 8]], [7, [5, 10, 1]], [-7, [1, 8, 2]], [-7, [6, 0, 7]], [-2, [7, 10, 0]], [-8, [9, 5, 2]], [-10, [4, 5, 9]], [1, [9, 1, 2]]], [[-8, [10, 6, 4]]]] 29
1 [[[-2, [10, 7, 3]], [-9, [3, 5, 9]], [3, [8, 6, 3]], [-7, [4, 0, 0]], [-7, [0, 5, 9]], [-9, [6, 9, 0]], [5, [5, 5, 5]], [-9, [5, 10, 4]]], [[10, [7, 1, 4]], [-4, [4, 6, 4]]], [[-7, [7, 0, 6]], [-9, [2, 2, 6]]], [[5, [4, 2, 7]], [9, [10, 5, 8]], [-8, [2, 3, 3]], [0, [8, 0, 10]], [-9, [0, 9, 7]], [-3, [10, 6, 10]], [2, [7, 3, 1]], [-9, [8, 1, 1]], [-4, [3, 7, 0]]]] -1
3 [[[-10, [10, 1, 8]], [8, [3, 1, 2]], [-8, [4, 0, 5]], [8, [9, 2, 8]], [-2, [10, 4, 2]], [-10, [3, 4, 4]], [-1, [4, 2, 0]]], [[5, [7, 3, 10]], [-5, [4, 10, 6]], [0, [5, 6, 10]], [-8, [9, 3, 10]], [5, [6, 9, 7]], [6, [2, 3, 3]], [6, [9, 5, 1]], [0, [2, 7, 5]], [-10, [4, 1, 4]]], [[5, [4, 8, 1]], [-5, [0, 10, 4]], [0, [4, 1, 5]], [9, [7, 0, 10]], [-3, [10, 1, 7]], [-4, [1, 9, 0]], [-1, [9, 4, 1]], [-1, [2, 1, 7]]]] 1523
1 [[[-4, [8, 4, 2]], [-5, [3, 3, 9]], [9, [0, 4, 4]], [9, [3, 7, 1]], [-5, [2, 5, 1]], [10, [10, 0, 9]], [5, [6, 8, 0]]]] 7
0 [[[-7, [6, 5, 2]], [1, [9, 1, 8]], [-7, [3, 7, 10]], [-5, [8, 4, 10]], [0, [6, 0, 3]], [-4, [9, 1, 3]], [10, [5, 7, 5]]], [[-8, [3, 0, 5]], [-3, [4, 6, 2]], [0, [8, 2, 7]], [2, [4, 1, 1]], [-2, [10, 2, 6]], [7, [10, 8, 8]]], [[-1, [6, 0, 6]], [4, [2, 2, 0]], [-6, [10, 2, 3]], [2, [6, 0, 1]], [9, [3, 4, 10]], [2, [10, 0, 7]], [0, [3, 3, 10]], [3, [7, 10, 4]], [-10, [4, 7, 10]], [1, [6, 2, 7]]], [[-10, [0, 6, 0]]], [[9, [0, 2, 5]], [7, [8, 9, 7]], [0, [3, 5, 7]]]] -1
0 [[[6, [6, 7, 7]], [9, [1, 8, 6]], [8, [7, 8, 10]], [-4, [9, 3, 10]], [9, [4, 5, 6]], [-3, [6, 0, 10]], [-9, [2, 7, 1]], [0, [0, 1, 9]], [-3, [3, 6, 7]], [5, [3, 0, 1]]], [[7, [7, 7, 3]], [-8, [1, 6, 10]], [-2, [10, 8, 1]], [-7, [4, 5, 5]]], [[4, [2, 8, 6]], [-8, [8, 9, 8]], [7, [7, 0, 6]], [8, [4, 0, 5]], [-6, [1, 7, 6]]], [[-2, [5, 8, 10]], [1, [1, 4, 7]], [4, [7, 7, 3]], [-3, [8, 2, 7]], [-4, [10, 5, 4]], [10, [7, 0, 6]], [10, [10, 1, 3]], [-9, [4, 4, 10]], [5, [10, 0, 7]], [-4, [0, 8, 6]]]] 878
0 [[[7, [6, 2, 2]], [0, [7, 10, 0]], [-10, [5, 1, 4]]]] 2
0 [[[-10, [3, 7, 8]], [-1, [0, 9, 4]], [-7, [0, 10, 9]], [-4, [8, 9, 0]], [6, [8, 4, 2]], [-3, [10, 8, 4]], [5, [5, 3, 9]], [8, [1, 0, 1]], [-6, [4, 10, 5]]], [[-2, [0, 7, 6]], [8, [5, 8, 10]], [-3, [1, 0, 6]], [10, [0, 1, 6]], [-9, [2, 10, 0]]], [[4, [4, 10, 10]], [-9, [7, 1, 8]], [-1, [0, 9, 3]], [-2, [7, 7, 7]]]] 893
0 [[[-2, [2, 2, 5]], [-6, [0, 7, 9]], [-3, [5, 1, 4]], [-2, [4, 0, 8]]], [[7, [9, 7, 8]], [6, [2, 1, 8]], [-8, [8, 3, 7]], [10, [9, 10, 6]], [2, [8, 9, 0]], [10, [4, 5, 4]], [-2, [3, 3, 9]]], [[-7, [4, 9, 6]]]] 4606
0 [[[9, [1, 7, 6]]]] 1
0 [[[8, [1, 8, 9]], [8, [7, 9, 0]], [-9, [1, 10, 3]], [9, [1, 7, 8]], [-9, [3, 1, 0]], [-5, [9, 8, 3]], [0, [6, 2, 1]], [-9, [3, 2, 8]], [8, [0, 3, 4]]]] 8
0 [[[-10, [4, 9, 1]], [4, [8, 7, 6]]], [[-8, [1, 7, 9]], [-5, [6, 6, 5]], [-3, [3, 2, 3]], [5, [1, 9, 2]], [5, [4, 3, 6]], [-5, [8, 6, 0]], [-7, [8, 6, 7]]], [[8, [8, 4, 9]], [-4, [1, 3, 6]], [8, [3, 0, 6]], [-4, [0, 5, 3]], [-10, [3, 2, 5]], [6, [8, 10, 4]], [-9, [10, 0, 6]]], [[-9, [6, 9, 2]], [5, [2, 2, 9]], [-2, [5, 3, 8]], [2, [5, 7, 7]], [0, [10, 8, 2]], [1, [2, 6, 1]], [0, [7, 7, 2]], [-9, [7, 8, 8]]], [[7, [8, 10, 5]]]] 8001
0 [[[10, [4, 7, 0]], [-2, [3, 2, 9]], [4, [5, 0, 5]], [-8, [1, 0, 9]], [4, [6, 1, 9]], [-3, [6, 4, 3]]], [[2, [10, 8, 7]], [8, [10, 4, 5]], [-7, [6, 9, 2]], [10, [10, 1, 4]], [-3, [10, 8, 6]], [-4, [2, 1, 1]], [-4, [6, 8, 2]], [-7, [6, 7, 2]]], [[-9, [7, 2, 1]], [-7, [4, 0, 8]]]] 1001
0 [[[-3, [7, 2, 3]], [-3, [4, 5, 3]], [10, [9, 5, 7]], [-5, [2, 6, 0]], [-7, [3, 7, 10]], [4, [0, 9, 7]], [-9, [0, 2, 8]], [-5, [2, 6, 7]], [7, [6, 4, 2]], [-6, [10, 7, 1]]], [[-10, [10, 8, 6]], [-8, [8, 10, 7]], [4, [5, 8, 4]], [-1, [1, 9, 9]], [8, [6, 10, 3]], [8, [1, 8, 2]], [-4, [2, 3, 6]], [5, [7, 5, 6]]], [[-8, [3, 8, 3]], [9, [4, 2, 2]], [-9, [2, 2, 8]], [-8, [8, 10, 5]], [-1, [7, 5, 0]], [1, [10, 2, 3]]], [[3, [4, 5, 5]], [9, [10, 8, 7]]]] 972
0 [[[-6, [9, 7, 4]], [-6, [3, 1, 1]], [2, [3, 4, 9]], [5, [8, 3, 5]], [10, [6, 4, 3]], [-8, [8, 8, 1]], [4, [7, 10, 6]], [-8, [2, 6, 0]], [-3, [3, 7, 4]], [7, [9, 2, 4]]], [[4, [10, 6, 10]]], [[-1, [10, 1, 4]], [-5, [7, 5, 2]], [-1, [3, 9, 6]]]] 1089
0 [[[1, [6, 10, 8]], [-1, [6, 0, 5]], [-4, [1, 6, 2]], [8, [2, 6, 4]]]] 4
1 [[[-7, [2, 10, 1]], [-1, [4, 4, 5]], [-9, [10, 9, 3]], [-7, [3, 9, 4]], [1, [1, 8, 3]], [1, [8, 8, 1]], [1, [3, 9, 10]]], [[6, [10, 9, 10]]], [[9, [6, 9, 10]], [6, [4, 3, 9]], [4, [7, 6, 0]], [-4, [4, 6, 10]]], [[7, [5, 5, 10]], [-2, [3, 2, 4]], [8, [9, 3, 6]]]] 844
1 [[[2, [8, 3, 3]], [-6, [6, 9, 4]], [-4, [1, 2, 9]], [10, [4, 0, 10]], [9, [5, 3, 7]], [10, [5, 10, 9]], [1, [0, 6, 1]], [7, [5, 3, 2]], [-10, [8, 4, 5]], [1, [7, 6, 10]]], [[-5, [4, 1, 1]]]] 10
1 [[[1, [10, 6, 3]]], [[1, [9, 5, 0]], [-4, [1, 7, 10]], [3, [4, 5, 2]], [-7, [6, 4, 4]], [-7, [4, 0, 0]], [-1, [2, 2, 6]]]] 6
1 [[[2, [10, 8, 1]], [-6, [6, 0, 7]]]] 2
1 [[[-2, [0, 0, 3]], [4, [2, 7, 7]], [10, [3, 5, 0]]], [[2, [3, 5, 2]], [9, [3, 0, 2]], [6, [9, 4, 10]]]] 9
1 [[[-9, [0, 6, 9]], [-3, [10, 10, 2]], [4, [3, 6, 5]], [7, [9, 5, 9]]], [[6, [2, 4, 3]], [9, [8, 9, 0]], [-9, [0, 9, 8]], [-10, [2, 5, 10]], [5, [2, 8, 5]], [8, [8, 6, 7]], [-2, [7, 2, 6]]], [[8, [3, 10, 9]], [3, [2, 1, 9]], [-6, [10, 4, 1]], [-3, [1, 3, 2]]], [[-5, [5, 9, 0]], [6, [3, 8, 10]], [0, [9, 8, 7]], [2, [4, 3, 3]], [8, [4, 1, 9]], [-2, [6, 10, 6]], [9, [2, 8, 0]], [-3, [5, 7, 6]], [4, [1, 1, 6]]], [[4, [8, 3, 8]], [-9, [5, 3, 0]], [-4, [0, 7, 3]]]] 903
1 [[[0, [2, 3, 0]], [9, [2, 4, 3]], [-6, [5, 7, 1]], [0, [10, 9, 5]], [-2, [1, 3, 10]], [-10, [0, 5, 0]]], [[-4, [2, 2, 7]], [0, [2, 10, 7]], [-6, [10, 4, 4]], [10, [5, 6, 7]], [-9, [7, 8, 6]], [-2, [0, 2, 7]], [-5, [5, 1, 8]], [10, [2, 6, 0]], [1, [4, 4, 5]]]] 46
2 [[[5, [2, 6, 3]], [-8, [5, 6, 5]], [-7, [0, 9, 0]], [5, [3, 2, 6]], [-10, [7, 3, 5]], [-4, [8, 4, 9]], [-10, [6, 8, 1]], [2, [7, 7, 5]]], [[2, [5, 1, 9]], [-1, [4, 8, 1]]], [[1, [9, 4, 3]]], [[-8, [9, 7, 8]], [2, [1, 0, 10]]]] -1
2 [[[2, [2, 1, 6]], [8, [1, 4, 7]], [5, [3, 7, 10]]], [[9, [10, 1, 8]], [0, [0, 6, 7]], [4, [6, 8, 1]], [-10, [6, 5, 3]], [-2, [9, 9, 5]], [-3, [1, 1, 6]]]] 48
2 [[[-10, [2, 0, 9]], [0, [7, 2, 2]], [-9, [3, 8, 0]], [0, [9, 9, 8]], [5, [8, 2, 1]], [-7, [8, 1, 7]], [2, [8, 4, 10]], [1, [0, 0, 0]]], [[-8, [10, 4, 4]], [-4, [6, 0, 4]], [7, [5, 1, 5]], [7, [10, 7, 1]], [1, [9, 0, 4]], [-5, [6, 4, 0]], [4, [2, 1, 9]], [-3, [5, 10, 7]], [-6, [7, 6, 1]], [3, [7, 5, 5]]]] 1012
2 [[[-5, [6, 2, 7]], [6, [10, 5, 3]], [3, [10, 3, 6]], [10, [2, 2, 7]], [8, [4, 3, 6]], [9, [0, 9, 2]], [-3, [0, 1, 1]]]] 7
2 [[[7, [4, 3, 7]], [2, [9, 5, 2]], [6, [3, 5, 8]]]] 3
0 [[[-5, [9, 0, 4]]], [[2, [3, 1, 6]], [3, [4, 9, 3]], [-7, [6, 5, 6]], [9, [1, 7, 5]], [-8, [1, 1, 10]], [-2, [9, 10, 8]], [3, [2, 7, 4]], [-4, [2, 1, 10]], [5, [5, 1, 7]], [8, [5, 9, 9]]], [[9, [0, 2, 3]], [1, [7, 8, 8]], [4, [6, 6, 6]], [-8, [6, 9, 10]], [10, [9, 0, 0]]], [[-9, [3, 6, 7]], [8, [9, 8, 0]]]] -1
0 [[[2, [5, 3, 7]], [2, [7, 1, 3]], [0, [4, 8, 5]], [-8, [9, 3, 9]], [9, [0, 9, 10]], [1, [10, 10, 2]]], [[9, [9, 10, 1]], [-3, [1, 0, 6]], [-5, [9, 10, 2]], [-5, [3, 0, 9]], [-2, [4, 8, 10]], [8, [2, 4, 7]]], [[3, [0, 5, 4]], [-7, [9, 6, 8]], [6, [7, 6, 5]], [7, [2, 9, 1]]], [[1, [6, 8, 1]]], [[8, [8, 9, 1]], [2, [3, 8, 5]], [-9, [0, 10, 1]]]] 6
0 [[[6, [3, 10, 8]]], [[6, [4, 9, 8]]], [[2, [0, 0, 6]], [-10, [7, 1, 6]], [5, [10, 3, 4]]], [[-4, [10, 1, 1]], [5, [10, 8, 9]], [-5, [8, 8, 3]], [0, [6, 10, 1]], [2, [7, 1, 3]], [-10, [9, 3, 6]], [-2, [2, 1, 6]]]] 1066
0 [[[-5, [9, 5, 6]], [1, [0, 7, 0]]], [[-6, [2, 8, 8]], [9, [4, 10, 1]], [-3, [7, 9, 2]], [-2, [8, 4, 9]], [5, [7, 10, 4]], [10, [2, 10, 2]], [0, [6, 3, 2]], [-8, [8, 10, 10]], [-2, [2, 8, 1]]], [[9, [8, 5, 3]], [7, [0, 9, 7]], [5, [0, 2, 10]], [-10, [2, 0, 10]], [-9, [1, 3, 0]], [7, [3, 9, 0]], [-5, [10, 7, 3]], [-7, [3, 2, 9]], [-10, [10, 8, 1]], [-2, [7, 2, 4]]], [[-7, [1, 2, 4]], [-1, [3, 0, 9]], [-3, [8, 6, 10]], [-1, [0, 4, 0]], [6, [2, 1, 4]], [3, [10, 0, 10]], [10, [2, 4, 10]], [-2, [8, 7, 2]]]] 2477
0 [[[-2, [4, 1, 7]], [9, [2, 0, 4]]]] 2
0 [[[-1, [10, 4, 3]], [8, [1, 2, 6]], [-9, [8, 7, 0]], [10, [8, 3, 8]], [-10, [5, 5, 0]], [7, [7, 0, 5]], [-6, [3, 5, 10]], [9, [10, 6, 7]], [9, [3, 9, 7]]], [[-8, [6, 0, 10]], [-4, [5, 5, 3]], [9, [2, 7, 9]], [3, [4, 3, 9]]], [[10, [4, 9, 1]], [7, [1, 8, 6]], [6, [2, 9, 10]], [4, [4, 9, 3]], [3, [6, 2, 5]], [2, [7, 4, 4]], [3, [5, 3, 9]], [3, [9, 1, 5]], [5, [2, 4, 1]], [4, [3, 0, 3]]], [[6, [10, 8, 7]], [8, [0, 4, 10]], [8, [4, 9, 5]], [-2, [8, 0, 2]], [-1, [6, 9, 7]], [1, [0, 0, 4]], [6, [10, 4, 7]], [9, [10, 7, 3]]], [[-7, [5, 9, 2]]]] 1233
0 [[[-1, [6, 0, 9]], [-4, [4, 8, 4]]]] 2
0 [[[1, [1, 6, 3]], [6, [6, 4, 5]], [9, [4, 3, 6]], [-7, [10, 5, 9]], [-6, [1, 0, 1]]]] 5
0 [[[9, [9, 2, 4]], [7, [7, 7, 5]], [2, [9, 4, 6]], [-7, [1, 3, 8]], [-10, [6, 2, 9]], [3, [1, 8, 7]]], [[-4, [2, 8, 0]]]] 11
0 [[[-9, [7, 5, 10]], [8, [5, 5, 4]], [9, [5, 0, 3]], [9, [10, 7, 7]], [-8, [3, 6, 5]], [-4, [0, 1, 9]], [2, [3, 5, 1]], [8, [2, 2, 10]], [-9, [9, 1, 4]]], [[-8, [3, 8, 2]], [1, [8, 7, 9]], [4, [5, 0, 0]], [5, [5, 5, 6]], [1, [10, 4, 6]], [-7, [9, 5, 4]], [1, [2, 6, 9]], [1, [3, 6, 8]], [0, [5, 2, 8]]], [[-3, [10, 9, 3]], [-9, [4, 3, 2]], [-2, [0, 1, 3]], [6, [10, 4, 6]], [8, [3, 8, 8]], [-5, [4, 1, 7]], [6, [0, 8, 4]], [-8, [10, 0, 7]]]] 872
0 [[[-10, [7, 0, 8]], [7, [9, 10, 4]], [0, [10, 8, 7]], [-5, [2, 9, 2]], [-10, [1, 1, 8]], [-1, [7, 5, 0]]], [[-7, [0, 0, 8]], [10, [1, 9, 10]]]] 15
0 [[[-8, [9, 0, 0]], [-5, [6, 5, 4]], [-1, [2, 1, 3]], [6, [7, 6, 0]], [6, [3, 0, 7]], [6, [9, 8, 1]], [4, [4, 4, 7]]], [[-9, [9, 0, 6]], [6, [10, 6, 6]]]] 15955
0 [[[3, [9, 4, 2]], [-7, [3, 7, 6]], [-5, [0, 4, 0]], [2, [2, 0, 7]]], [[9, [5, 1, 3]], [4, [6, 1, 1]], [0, [4, 9, 8]], [2, [4, 5, 6]], [-10, [0, 6, 1]], [-9, [5, 1, 1]], [-9, [6, 7, 10]], [2, [2, 4, 4]], [-3, [6, 3, 10]]]] 1205
0 [[[-9, [6, 10, 5]], [-9, [5, 5, 8]], [2, [5, 6, 4]], [0, [0, 8, 0]], [-10, [3, 7, 0]], [-10, [2, 5, 2]], [9, [2, 9, 10]], [-8, [5, 2, 10]], [-5, [5, 2, 0]]]] 8
0 [[[-8, [6, 5, 9]], [4, [5, 3, 10]], [-5, [8, 6, 0]], [-6, [1, 8, 0]], [-8, [2, 5, 7]], [-6, [9, 6, 1]], [-1, [9, 5, 7]]], [[4, [7, 3, 5]], [-2, [4, 2, 9]], [9, [4, 1, 1]]], [[-2, [3, 10, 1]]], [[4, [1, 10, 10]], [0, [4, 2, 5]], [8, [9, 10, 5]], [-5, [7, 6, 0]], [8, [7, 6, 6]], [0, [6, 6, 7]], [-2, [0, 5, 7]], [3, [8, 10, 0]], [2, [6, 8, 3]]], [[0, [8, 2, 4]], [2, [9, 2, 8]], [6, [7, 10, 7]], [3, [2, 9, 4]], [-9, [4, 2, 1]], [6, [8, 3, 0]]]] 888
0 [[[-5, [2, 0, 3]], [-5, [2, 6, 8]], [-6, [6, 7, 5]], [-8, [5, 8, 1]]], [[-3, [7, 5, 1]], [-9, [1, 9, 5]], [-4, [0, 10, 10]], [10, [3, 7, 10]]], [[3, [3, 3, 1]], [-6, [8, 8, 7]], [1, [2, 4, 9]], [4, [6, 8, 9]], [7, [0, 1, 7]], [-4, [1, 6, 9]]], [[-10, [6, 4, 3]], [-5, [4, 5, 5]], [1, [6, 4, 3]], [3, [0, 5, 6]], [2, [2, 10, 10]], [1, [5, 4, 10]], [-9, [6, 3, 10]], [0, [10, 9, 10]], [-5, [2, 9, 2]], [10, [9, 9, 6]]], [[10, [7, 10, 7]], [0, [4, 3, 6]], [4, [2, 3, 2]], [-6, [8, 5, 5]], [-10, [8, 0, 7]], [-9, [8, 0, 5]], [2, [2, 9, 2]]]] 1532
0 [[[-7, [5, 7, 2]], [7, [4, 6, 3]], [3, [2, 10, 6]], [-10, [5, 9, 7]], [-1, [4, 7, 2]], [-5, [6, 6, 5]], [-2, [6, 9, 3]], [-10, [4, 10, 3]], [-4, [8, 8, 8]], [-10, [1, 10, 4]]], [[9, [4, 3, 7]], [7, [6, 2, 0]], [0, [7, 7, 1]]], [[-8, [7, 0, 5]]], [[-7, [8, 1, 2]], [6, [5, 5, 2]]], [[1, [6, 5, 1]], [-5, [4, 0, 1]], [0, [3, 7, 6]], [0, [4, 1, 3]], [-4, [9, 4, 6]], [3, [3, 3, 1]], [5, [1, 10, 4]], [6, [4, 6, 9]]]] 69
0 [[[0, [10, 1, 7]], [2, [0, 10, 8]], [1, [2, 10, 0]], [4, [0, 4, 10]]], [[-5, [1, 9, 3]]], [[-3, [3, 2, 3]], [2, [0, 10, 3]], [-7, [4, 9, 9]]], [[8, [8, 2, 4]], [10, [4, 8, 6]], [-10, [1, 7, 4]], [10, [3, 8, 4]], [-6, [6, 2, 8]]], [[-9, [4, 10, 6]], [6, [10, 10, 10]], [7, [2, 5, 1]], [2, [9, 4, 0]], [1, [1, 3, 7]], [-7, [5, 1, 5]]]] 6
0 [[[3, [2, 2, 1]]], [[-3, [5, 10, 1]], [-2, [6, 9, 0]], [-6, [9, 3, 2]], [1, [10, 5, 8]], [0, [2, 0, 6]], [-3, [2, 2, 1]], [9, [3, 6, 3]], [-9, [3, 1, 7]]]] 7
0 [[[-10, [7, 0, 5]], [-6, [0, 10, 1]]], [[-5, [3, 10, 4]], [-9, [3, 6, 4]], [5, [1, 8, 3]], [-7, [5, 7, 9]], [6, [10, 2, 8]], [-9, [9, 3, 10]]], [[-1, [7, 10, 10]], [-1, [2, 0, 5]], [1, [10, 5, 0]], [0, [0, 10, 0]]], [[-6, [8, 5, 1]], [5, [8, 1, 8]]]] 804
0 [[[1, [0, 7, 4]], [1, [7, 5, 4]], [6, [8, 2, 8]], [-10, [1, 3, 9]], [-7, [9, 10, 3]], [-8, [10, 1, 7]], [7, [10, 4, 3]]], [[-6, [2, 8, 7]], [0, [2, 2, 3]], [9, [6, 9, 3]], [-7, [4, 0, 6]], [8, [4, 0, 10]], [5, [5, 8, 6]], [-10, [8, 1, 9]], [0, [6, 6, 6]], [-8, [5, 8, 9]]], [[9, [4, 1, 3]], [2, [6, 1, 1]], [7, [6, 6, 0]], [7, [9, 10, 7]], [-9, [1, 6, 9]], [-5, [5, 8, 4]], [0, [8, 1, 7]], [-6, [3, 5, 1]], [-8, [2, 4, 8]]], [[9, [8, 4, 2]], [-9, [9, 8, 2]], [2, [6, 2, 8]], [-10, [4, 4, 0]], [3, [3, 0, 2]]]] 944
0 [[[5, [5, 9, 9]], [8, [2, 0, 8]]], [[10, [10, 0, 7]], [-6, [0, 2, 6]], [-6, [1, 2, 2]], [10, [9, 4, 8]], [2, [0, 2, 8]], [8, [5, 10, 10]], [8, [8, 9, 10]], [-1, [5, 3, 5]], [9, [9, 5, 0]], [-2, [0, 6, 6]]]] 1175
0 [[[-5, [10, 7, 9]], [-4, [1, 2, 3]], [-10, [0, 1, 4]], [-1, [8, 10, 0]], [4, [9, 3, 5]], [8, [3, 4, 8]], [4, [6, 10, 9]], [-7, [10, 10, 0]]], [[10, [6, 6, 6]]], [[10, [8, 2, 6]], [-9, [1, 8, 1]], [-2, [0, 2, 7]], [0, [8, 0, 8]], [4, [9, 9, 8]], [-1, [5, 7, 2]], [4, [7, 5, 2]], [10, [4, 3, 10]], [-5, [3, 9, 7]]]] 1799
0 [[[-10, [3, 2, 0]], [-10, [3, 9, 10]], [-7, [1, 4, 1]]]] 3
0 [[[-8, [3, 2, 2]], [-4, [10, 7, 6]], [5, [6, 9, 1]], [3, [5, 7, 8]], [-4, [7, 4, 0]], [-9, [9, 0, 9]], [10, [2, 1, 2]], [-2, [4, 3, 2]]], [[-4, [5, 3, 4]], [7, [6, 3, 8]], [0, [4, 4, 10]], [-10, [0, 1, 10]], [5, [8, 9, 1]], [-6, [5, 6, 6]], [-4, [6, 9, 7]], [3, [9, 7, 9]], [5, [8, 6, 8]]], [[-1, [9, 10, 7]], [-10, [5, 6, 4]], [-10, [6, 5, 3]], [-3, [8, 6, 4]]], [[5, [7, 8, 7]], [-8, [7, 0, 9]], [-3, [4, 8, 9]], [0, [10, 6, 1]], [1, [4, 3, 2]], [4, [10, 8, 5]], [6, [5, 2, 3]], [6, [5, 9, 4]], [8, [0, 9, 4]], [10, [0, 8, 3]]], [[4, [10, 3, 7]], [7, [9, 2, 0]], [-1, [8, 1, 4]], [7, [5, 5, 0]], [7, [6, 2, 0]], [10, [9, 2, 1]]]] 1277
0 [[[10, [8, 9, 8]]], [[-3, [10, 8, 7]], [-9, [2, 0, 1]], [-10, [5, 5, 8]], [1, [3, 9, 7]], [10, [8, 3, 6]], [4, [0, 1, 9]]], [[4, [0, 1, 8]], [10, [6, 8, 3]]], [[-9, [4, 1, 5]], [4, [0, 4, 10]], [2, [10, 1, 8]], [-2, [2, 5, 1]], [-3, [3, 6, 4]], [-1, [1, 9, 8]], [4, [7, 7, 7]], [-2, [8, 10, 4]]]] 1424
0 [[[2, [10, 0, 6]], [-2, [2, 2, 0]]], [[-8, [7, 5, 7]], [3, [4, 0, 4]], [-10, [5, 9, 9]], [5, [8, 2, 10]], [-1, [1, 9, 3]]], [[4, [1, 4, 6]], [2, [4, 10, 2]], [10, [5, 1, 7]], [5, [2, 7, 6]], [2, [6, 5, 10]]], [[-1, [9, 5, 1]], [-7, [9, 0, 1]], [3, [7, 9, 0]], [8, [6, 3, 8]]], [[-8, [10, 1, 9]], [0, [1, 7, 4]], [10, [1, 8, 9]], [7, [3, 0, 8]], [-9, [10, 1, 2]], [2, [7, 5, 6]]]] 1450
0 [[[-5, [0, 7, 2]], [-9, [0, 7, 5]], [-3, [5, 9, 0]], [-3, [9, 2, 5]], [2, [1, 4, 2]], [7, [6, 5, 4]]], [[7, [1, 9, 9]], [10, [2, 2, 9]], [-1, [1, 0, 6]], [-6, [3, 0, 9]], [1, [0, 0, 0]], [1, [3, 10, 6]], [6, [7, 9, 1]]], [[4, [3, 8, 9]], [2, [6, 7, 10]], [-5, [4, 3, 0]], [-3, [7, 7, 9]]], [[-3, [3, 4, 8]], [-5, [5, 9, 0]], [6, [3, 2, 3]], [8, [2, 2, 5]], [6, [3, 9, 10]], [2, [5, 5, 9]]]] 1643
0 [[[-3, [4, 9, 4]], [7, [6, 2, 2]], [-6, [9, 5, 10]], [7, [2, 0, 10]], [-2, [3, 10, 7]]], [[6, [0, 1, 8]], [9, [10, 10, 10]], [4, [0, 10, 5]], [5, [5, 5, 9]], [10, [2, 2, 2]]]] 9469
2 [[[-10, [6, 8, 0]], [-9, [7, 7, 5]]], [[5, [10, 9, 10]], [6, [1, 1, 9]], [-10, [4, 5, 9]], [3, [5, 6, 6]], [0, [5, 1, 3]], [2, [1, 4, 1]]], [[-5, [7, 7, 1]], [-6, [6, 0, 7]]], [[-8, [2, 9, 9]], [-9, [8, 1, 4]], [-9, [10, 2, 8]], [6, [5, 10, 1]], [-6, [9, 10, 5]], [-5, [8, 7, 9]], [-4, [5, 7, 8]], [-5, [8, 1, 8]], [5, [0, 6, 2]], [8, [5, 9, 2]]], [[8, [6, 0, 2]], [-3, [0, 5, 6]], [3, [1, 3, 6]], [3, [10, 8, 0]], [1, [10, 1, 1]], [8, [1, 10, 0]], [6, [5, 6, 7]]]] 824
2 [[[9, [4, 4, 1]], [5, [9, 2, 7]], [1, [9, 1, 6]], [2, [1, 0, 3]]], [[2, [3, 10, 1]], [-9, [4, 1, 3]], [-4, [0, 1, 4]], [-7, [7, 10, 1]]]] 65
0 [[[-1, [1, 0, 6]]], [[-9, [0, 7, 3]], [10, [1, 4, 2]], [-5, [1, 1, 6]], [10, [5, 3, 3]], [8, [0, 7, 0]], [-5, [4, 2, 4]], [-8, [0, 1, 10]], [-4, [3, 7, 1]], [7, [8, 2, 6]]]] 24
0 [[[-10, [10, 2, 0]], [10, [8, 0, 7]], [7, [8, 6, 8]], [-6, [1, 2, 7]], [4, [5, 6, 4]], [8, [9, 0, 8]]]] 6
2 [[[3, [10, 9, 8]]], [[0, [10, 1, 5]], [-5, [7, 10, 7]], [3, [0, 4, 9]], [-3, [3, 9, 7]]], [[-1, [7, 8, 1]], [0, [5, 3, 6]], [5, [2, 2, 9]], [4, [8, 2, 5]]]] 5
0 [[[-7, [5, 6, 9]], [-7, [2, 6, 7]], [7, [2, 4, 2]], [3, [3, 3, 4]], [-7, [5, 2, 10]], [0, [3, 10, 2]]], [[9, [0, 9, 5]], [9, [10, 8, 5]], [1, [4, 2, 10]], [-3, [2, 3, 0]], [0, [6, 0, 0]]], [[-3, [3, 2, 9]], [-3, [9, 7, 3]], [-4, [5, 6, 10]], [-2, [0, 9, 0]], [8, [9, 6, 4]], [-6, [5, 8, 1]], [-4, [0, 2, 4]], [-1, [2, 1, 10]], [9, [3, 2, 8]]], [[-9, [2, 6, 4]], [-3, [5, 6, 6]], [5, [4, 4, 9]], [2, [10, 3, 2]]], [[8, [7, 3, 1]], [-2, [4, 6, 4]], [-2, [1, 5, 5]], [3, [3, 9, 8]], [5, [0, 0, 4]], [3, [10, 8, 2]], [-6, [10, 9, 4]], [7, [1, 4, 0]], [9, [1, 7, 0]]]] 1039
0 [[[5, [1, 6, 10]], [-4, [9, 2, 1]], [-3, [1, 4, 4]], [-5, [10, 8, 5]], [1, [7, 7, 5]], [6, [9, 4, 10]], [1, [6, 6, 7]], [4, [3, 5, 7]], [5, [2, 1, 7]], [-4, [2, 0, 2]]]] 10
0 [[[-5, [3, 2, 10]], [-1, [5, 6, 6]], [0, [0, 1, 10]]], [[-8, [7, 1, 6]], [-2, [8, 6, 2]], [6, [2, 7, 10]], [10, [5, 8, 1]], [-4, [0, 5, 8]], [1, [4, 8, 5]], [-1, [7, 1, 0]], [5, [7, 8, 10]], [3, [1, 6, 1]], [-3, [0, 0, 4]]], [[-9, [0, 9, 7]], [2, [10, 0, 3]], [0, [8, 10, 1]], [4, [3, 9, 4]], [1, [5, 5, 10]], [-9, [5, 0, 7]], [10, [8, 0, 9]]], [[-4, [0, 6, 9]], [-7, [8, 10, 0]], [2, [7, 4, 4]], [-4, [6, 0, 9]], [10, [10, 1, 0]], [-1, [9, 7, 9]], [-6, [0, 4, 6]], [-4, [10, 4, 8]], [2, [2, 5, 2]], [9, [7, 2, 7]]]] 1068
0 [[[-1, [8, 1, 9]], [7, [10, 0, 1]]], [[1, [6, 7, 4]], [-5, [6, 8, 8]], [4, [5, 3, 5]], [-4, [1, 0, 3]], [2, [0, 1, 4]], [3, [3, 7, 1]]], [[-7, [9, 9, 6]], [-7, [4, 4, 0]], [6, [1, 5, 2]]], [[10, [9, 0, 9]]], [[5, [5, 8, 9]], [-10, [8, 1, 9]], [10, [5, 6, 6]], [9, [8, 0, 4]], [3, [7, 7, 9]], [-9, [3, 4, 4]], [1, [8, 9, 8]]]] 938
0 [[[-1, [0, 6, 1]], [-1, [9, 8, 7]], [-5, [9, 4, 6]], [4, [4, 9, 1]], [-4, [7, 4, 5]], [8, [8, 8, 8]], [-7, [5, 1, 4]]]] 7
0 [[[8, [1, 6, 10]], [2, [1, 4, 4]], [-7, [4, 4, 10]], [-5, [5, 6, 6]], [1, [4, 10, 2]], [-8, [9, 7, 8]], [-4, [6, 2, 0]]]] 7
0 [[[-5, [10, 5, 7]], [7, [4, 5, 6]], [-8, [8, 9, 9]], [-3, [3, 5, 7]], [10, [9, 8, 1]], [-10, [4, 0, 10]], [2, [6, 2, 8]], [1, [5, 5, 5]], [2, [0, 6, 5]]], [[0, [2, 8, 1]], [1, [2, 7, 10]]], [[-5, [9, 2, 5]], [7, [1, 4, 8]], [1, [10, 8, 4]], [7, [7, 9, 8]], [0, [1, 7, 5]], [2, [10, 8, 5]]], [[-6, [8, 4, 0]], [-7, [9, 6, 8]], [6, [2, 7, 9]], [-9, [10, 9, 3]], [8, [3, 5, 7]], [1, [4, 10, 8]]]] 1234
0 [[[8, [10, 4, 7]], [6, [10, 6, 8]], [-4, [2, 3, 4]], [6, [10, 8, 10]], [0, [0, 3, 2]]], [[3, [1, 2, 10]]], [[10, [5, 3, 0]], [0, [0, 0, 0]], [5, [10, 9, 1]], [4, [6, 3, 3]], [7, [5, 9, 8]], [7, [4, 6, 5]], [9, [2, 0, 3]], [-2, [7, 0, 0]]]] 7
0 [[[-2, [0, 3, 6]], [-8, [7, 10, 9]], [0, [4, 0, 1]], [-1, [2, 3, 7]], [-7, [9, 5, 3]], [-2, [0, 1, 0]], [9, [7, 0, 3]], [-8, [10, 0, 2]], [7, [10, 0, 0]]]] 8
0 [[[-5, [7, 9, 1]], [6, [7, 4, 10]], [-3, [8, 1, 8]], [2, [4, 2, 9]], [-4, [9, 1, 3]]], [[1, [7, 3, 0]], [6, [7, 3, 5]], [7, [1, 1, 2]], [-6, [6, 4, 3]], [6, [4, 7, 10]], [-9, [2, 9, 8]]], [[4, [5, 10, 5]], [7, [2, 4, 2]], [-6, [5, 10, 3]], [2, [6, 3, 2]]]] 1583
0 [[[2, [6, 2, 6]], [-1, [2, 2, 4]]]] 2
0 [[[6, [1, 3, 5]], [-2, [6, 6, 6]], [-10, [10, 0, 9]], [0, [10, 0, 5]], [9, [10, 4, 5]], [3, [4, 0, 0]]], [[8, [0, 9, 1]], [9, [4, 3, 4]], [-9, [4, 0, 1]], [-6, [9, 9, 1]], [0, [2, 7, 6]], [-8, [7, 5, 3]], [0, [0, 2, 1]]], [[-10, [2, 4, 5]], [-6, [6, 5, 5]], [10, [1, 4, 6]], [-9, [9, 8, 10]]]] 3328
0 [[[6, [5, 7, 8]], [-7, [5, 1, 0]], [-7, [7, 7, 8]], [-10, [2, 6, 7]], [2, [4, 8, 4]], [-5, [6, 3, 0]], [1, [6, 6, 6]], [-7, [6, 2, 4]]], [[9, [7, 7, 7]], [-4, [8, 3, 9]], [-7, [0, 6, 5]], [-6, [0, 4, 9]], [-4, [0, 0, 5]], [-10, [8, 2, 4]], [-3, [0, 10, 1]], [2, [7, 3, 10]], [5, [6, 0, 2]], [5, [10, 10, 7]]], [[-6, [1, 3, 1]], [8, [9, 0, 0]], [-1, [3, 7, 10]], [6, [0, 4, 4]], [-2, [10, 0, 10]], [2, [9, 9, 0]], [-5, [1, 1, 2]], [-7, [8, 2, 0]], [-8, [6, 8, 4]]]] 2100
0 [[[1, [10, 8, 6]], [-4, [8, 1, 1]], [-7, [6, 3, 0]], [6, [1, 10, 0]], [8, [1, 4, 2]], [4, [10, 5, 8]]], [[3, [10, 2, 0]], [-4, [7, 6, 7]], [1, [6, 1, 9]]], [[1, [6, 0, 2]], [-2, [6, 8, 10]], [8, [8, 10, 1]], [2, [1, 9, 7]], [-5, [1, 10, 2]], [0, [6, 5, 8]], [-6, [6, 7, 10]], [6, [10, 3, 0]], [7, [10, 8, 9]]], [[-2, [3, 4, 6]]], [[7, [2, 1, 9]], [-4, [3, 1, 3]], [3, [4, 6, 1]]]] 1143
0 [[[8, [9, 3, 4]], [5, [3, 1, 2]], [-5, [9, 0, 7]], [-4, [3, 9, 5]], [9, [0, 1, 4]], [-2, [10, 1, 2]]], [[-8, [2, 3, 1]], [-7, [2, 8, 9]], [5, [7, 7, 9]], [3, [2, 1, 10]], [4, [6, 10, 8]], [6, [1, 4, 10]], [-7, [9, 2, 8]]], [[-8, [6, 7, 2]], [-7, [7, 9, 1]]]] 1951
0 [[[0, [9, 4, 10]], [-4, [5, 5, 7]], [-3, [10, 9, 1]]], [[5, [2, 0, 0]], [-4, [2, 3, 9]]], [[-10, [7, 4, 3]], [8, [9, 1, 0]], [2, [9, 0, 1]], [3, [3, 9, 6]], [6, [5, 9, 9]], [4, [7, 10, 2]]], [[-8, [7, 7, 6]], [-9, [8, 8, 9]], [10, [8, 5, 2]], [-6, [10, 10, 8]], [-7, [9, 10, 5]], [10, [9, 4, 2]]], [[-4, [0, 4, 8]], [3, [2, 3, 9]], [9, [9, 0, 3]], [7, [5, 5, 9]], [-2, [0, 5, 5]], [7, [1, 5, 10]], [-6, [1, 9, 10]], [-6, [7, 1, 10]], [1, [10, 5, 5]], [4, [3, 3, 7]]]] 1251
0 [[[1, [1, 5, 2]], [-10, [8, 1, 4]]], [[-8, [10, 10, 4]], [9, [8, 0, 1]]], [[-7, [5, 10, 7]], [-5, [5, 10, 4]], [6, [2, 4, 0]], [-2, [6, 8, 5]], [5, [5, 1, 1]], [7, [1, 4, 5]]], [[-3, [7, 9, 4]], [-5, [4, 1, 3]]]] 1653
0 [[[9, [7, 3, 9]], [-9, [6, 3, 8]], [3, [4, 1, 10]], [9, [6, 2, 0]], [1, [10, 6, 7]], [-8, [9, 2, 10]], [-6, [9, 9, 8]], [5, [4, 8, 1]]], [[-6, [2, 3, 3]], [-9, [10, 9, 1]], [-5, [3, 3, 5]], [2, [10, 3, 5]], [10, [3, 4, 5]], [10, [2, 6, 4]], [-4, [5, 6, 1]], [9, [4, 1, 0]], [-7, [5, 3, 7]]], [[-8, [10, 5, 7]], [-8, [6, 2, 0]], [2, [6, 1, 8]], [3, [8, 3, 7]], [9, [8, 8, 0]], [4, [6, 10, 4]], [6, [1, 3, 0]], [-5, [6, 2, 2]], [9, [1, 1, 6]]], [[-9, [9, 6, 7]], [7, [6, 8, 6]], [-8, [8, 5, 10]], [4, [1, 6, 3]], [9, [5, 4, 3]], [-5, [8, 10, 3]], [0, [7, 1, 3]], [-9, [9, 3, 9]], [3, [10, 6, 0]]]] 919
0 [[[0, [0, 9, 1]]]] 0
0 [[[5, [6, 9, 5]], [-8, [5, 4, 6]], [-3, [2, 0, 10]], [9, [9, 4, 8]], [10, [1, 7, 8]], [3, [4, 3, 3]], [-8, [7, 0, 7]], [4, [2, 9, 4]], [0, [4, 4, 6]], [-2, [4, 9, 1]]], [[3, [0, 0, 4]], [6, [1, 6, 6]], [-5, [6, 2, 5]], [-8, [0, 9, 6]], [-7, [6, 0, 8]], [8, [9, 4, 8]], [1, [3, 4, 10]], [9, [6, 9, 5]], [8, [9, 2, 10]], [0, [1, 5, 8]]], [[7, [0, 10, 6]], [5, [1, 7, 8]], [8, [2, 6, 5]], [2, [10, 0, 0]], [2, [5, 7, 8]], [1, [6, 5, 7]], [0, [5, 0, 5]], [-7, [8, 8, 6]]], [[-9, [0, 7, 9]]], [[10, [4, 10, 0]], [-7, [0, 3, 9]], [-6, [5, 2, 6]], [5, [10, 3, 3]], [1, [2, 7, 2]]]] 1204
0 [[[-4, [4, 0, 6]], [-6, [5, 4, 2]], [5, [5, 1, 10]], [-5, [2, 4, 8]], [-10, [10, 10, 9]]]] 5
2 [[[-1, [2, 10, 2]], [-2, [9, 7, 9]], [-10, [10, 6, 1]], [3, [5, 7, 0]]], [[-3, [4, 10, 10]], [9, [7, 6, 4]]], [[7, [2, 7, 9]], [-3, [5, 10, 0]], [-2, [3, 10, 5]], [-10, [0, 9, 6]], [-8, [10, 10, 2]], [7, [3, 10, 2]]], [[-8, [3, 9, 3]], [-4, [0, 10, 4]], [-7, [2, 2, 7]], [-3, [6, 10, 5]], [3, [9, 9, 1]], [8, [5, 9, 4]], [-5, [0, 0, 10]]]] 809
2 [[[0, [3, 2, 5]], [8, [8, 9, 0]], [-9, [7, 7, 0]], [3, [7, 8, 2]], [-6, [9, 3, 0]], [-7, [4, 9, 6]]], [[-5, [1, 0, 10]], [-6, [4, 10, 6]], [-9, [9, 6, 5]], [9, [10, 6, 8]], [3, [5, 1, 5]], [8, [3, 5, 10]], [4, [1, 2, 3]], [-8, [2, 9, 0]], [4, [10, 8, 9]]]] 961
2 [[[-8, [1, 9, 3]], [8, [1, 7, 6]]]] 2
2 [[[5, [3, 4, 6]]]] 1
4 [[[-7, [4, 10, 6]], [10, [10, 9, 1]], [-2, [8, 7, 5]], [0, [7, 5, 1]], [-1, [9, 8, 0]], [4, [4, 1, 8]], [-7, [1, 8, 1]], [-1, [6, 0, 2]], [0, [4, 10, 3]], [-8, [2, 8, 8]]], [[-1, [7, 10, 3]], [-1, [5, 5, 8]], [-4, [8, 10, 5]], [-8, [3, 9, 9]], [0, [2, 8, 5]]]] 4704
4 [[[2, [2, 5, 10]], [-1, [9, 5, 10]], [9, [10, 8, 1]], [-10, [9, 6, 2]], [-10, [4, 3, 10]], [-2, [6, 6, 3]], [-10, [8, 8, 10]]], [[1, [7, 8, 0]], [-10, [2, 4, 1]], [-2, [2, 6, 0]], [-3, [2, 9, 1]], [6, [3, 2, 5]], [-5, [3, 5, 3]], [-7, [2, 2, 4]], [-7, [4, 9, 9]]], [[1, [8, 8, 10]], [2, [1, 10, 5]], [-10, [6, 5, 5]], [-3, [9, 5, 3]], [4, [2, 6, 10]], [10, [5, 1, 5]], [1, [5, 5, 9]], [-7, [8, 3, 1]]], [[-1, [10, 3, 10]], [-8, [4, 7, 7]], [-7, [8, 7, 8]], [-5, [3, 10, 9]], [-2, [3, 9, 2]], [2, [2, 7, 3]], [-4, [4, 4, 2]], [9, [10, 8, 0]]]] 2562
4 [[[-10, [9, 7, 6]], [9, [2, 7, 7]], [-5, [2, 10, 5]]], [[10, [4, 1, 0]], [-1, [5, 7, 0]]]] 3
4 [[[9, [2, 1, 9]], [6, [1, 0, 6]], [-9, [5, 2, 6]], [5, [10, 1, 9]], [-2, [2, 5, 5]], [-9, [1, 8, 3]], [-9, [9, 4, 3]], [10, [2, 7, 4]], [-7, [2, 0, 6]], [0, [9, 7, 5]]], [[-2, [4, 6, 0]], [-4, [0, 3, 7]], [0, [4, 1, 4]], [-8, [3, 6, 1]], [-10, [1, 4, 2]], [4, [8, 6, 5]], [-6, [8, 5, 0]], [3, [9, 0, 4]]], [[5, [3, 4, 6]], [-6, [10, 7, 7]], [-1, [6, 0, 5]], [-8, [3, 1, 8]], [-7, [0, 10, 4]]], [[-9, [7, 4, 6]], [10, [2, 10, 3]], [3, [6, 2, 4]], [4, [3, 7, 4]], [2, [0, 10, 8]]]] 2354
6 [[[-8, [2, 3, 1]], [-7, [8, 4, 10]], [-9, [10, 4, 9]], [-10, [3, 4, 8]], [-6, [0, 8, 2]], [5, [3, 6, 1]], [-2, [2, 5, 3]]], [[4, [6, 3, 4]], [3, [3, 7, 5]], [-2, [0, 9, 2]], [0, [6, 4, 8]], [-6, [1, 5, 3]], [-3, [1, 10, 9]]], [[-4, [2, 8, 6]]], [[-4, [2, 4, 2]], [-9, [9, 8, 0]], [2, [3, 0, 8]], [2, [7, 10, 2]], [-5, [4, 7, 7]], [6, [1, 4, 1]], [-6, [4, 3, 2]]]] -1
6 [[[3, [3, 7, 6]], [5, [2, 7, 3]], [-4, [2, 5, 0]], [1, [1, 7, 2]], [-3, [2, 8, 8]], [5, [10, 3, 10]], [-9, [2, 10, 0]]], [[-3, [7, 4, 4]], [-6, [10, 4, 10]], [-1, [0, 1, 8]], [0, [1, 9, 9]], [-6, [6, 9, 6]], [-5, [3, 10, 6]], [-5, [6, 4, 7]], [4, [5, 5, 7]]]] 942
6 [[[7, [1, 2, 6]], [-1, [10, 7, 3]], [-9, [8, 9, 5]], [-10, [2, 1, 7]], [-4, [6, 9, 5]], [4, [5, 2, 10]], [-4, [6, 5, 7]], [-1, [1, 7, 10]]], [[-8, [7, 6, 1]], [-7, [2, 10, 6]], [10, [10, 10, 10]], [-7, [8, 3, 9]], [1, [8, 8, 10]], [-6, [4, 2, 3]], [0, [4, 5, 7]], [-8, [4, 7, 8]], [10, [5, 10, 4]]], [[7, [4, 0, 6]], [-8, [5, 4, 8]], [5, [8, 7, 2]], [9, [1, 10, 8]], [3, [2, 5, 8]], [7, [3, 4, 9]], [-5, [9, 8, 0]]]] 812
6 [[[8, [2, 4, 5]]]] 1
1 [[[-9, [4, 3, 6]], [-7, [2, 7, 3]], [8, [5, 5, 0]], [8, [4, 7, 6]]], [[9, [3, 8, 9]], [-9, [2, 2, 3]], [-2, [4, 5, 6]], [7, [3, 4, 2]], [7, [0, 3, 10]], [7, [2, 5, 3]], [-1, [9, 0, 7]]], [[3, [2, 4, 7]], [-8, [4, 10, 1]], [10, [4, 9, 4]], [6, [2, 7, 5]]]] 483
1 [[[-4, [8, 3, 10]], [-10, [5, 4, 9]], [-1, [7, 4, 4]], [3, [5, 5, 4]]], [[-5, [1, 5, 2]]], [[6, [1, 7, 0]], [5, [5, 1, 6]], [-2, [8, 5, 9]], [7, [9, 9, 6]], [-6, [5, 8, 10]], [0, [1, 9, 4]], [7, [10, 9, 8]], [5, [1, 8, 8]], [0, [2, 8, 5]]]] 7
0 [[[2, [3, 10, 6]], [-1, [2, 2, 0]], [4, [1, 4, 5]], [-6, [5, 8, 3]], [7, [5, 10, 5]], [0, [0, 10, 10]]], [[-5, [6, 5, 1]], [-2, [9, 4, 1]], [0, [7, 0, 8]]], [[1, [3, 5, 4]], [-6, [7, 0, 10]]], [[-8, [1, 0, 7]], [-3, [10, 6, 6]], [0, [1, 3, 0]]]] 838
0 [[[7, [8, 0, 7]], [-9, [2, 4, 8]], [5, [8, 2, 10]], [10, [10, 0, 2]], [5, [8, 9, 0]], [10, [10, 9, 2]], [-5, [1, 8, 5]], [-6, [7, 2, 4]], [7, [2, 3, 9]]], [[1, [7, 2, 10]], [-9, [3, 7, 7]]], [[5, [8, 9, 7]], [-6, [7, 3, 2]], [6, [9, 10, 10]], [7, [0, 5, 8]], [-7, [10, 8, 1]], [6, [3, 8, 4]], [-10, [5, 10, 1]]], [[5, [3, 3, 5]], [6, [10, 10, 6]], [4, [10, 1, 8]], [-10, [6, 10, 9]], [-7, [5, 6, 4]], [10, [9, 6, 8]]]] 1074
0 [[[9, [6, 1, 8]], [-4, [4, 7, 6]]], [[-5, [7, 1, 1]], [-6, [9, 6, 9]], [9, [10, 4, 0]], [8, [6, 1, 7]], [2, [1, 1, 2]], [-2, [4, 2, 5]], [10, [8, 7, 8]]], [[1, [6, 8, 8]], [-9, [4, 8, 0]], [6, [10, 2, 9]], [-8, [6, 1, 3]], [-10, [5, 4, 3]], [-10, [9, 3, 10]], [-1, [2, 5, 2]]], [[-4, [2, 5, 10]], [4, [1, 2, 2]], [8, [3, 8, 8]], [-4, [2, 8, 10]], [5, [2, 4, 8]], [-3, [9, 0, 2]], [-10, [3, 4, 10]], [-4, [3, 3, 5]]], [[-7, [10, 1, 10]], [-9, [7, 3, 0]], [-1, [5, 3, 8]], [-8, [6, 2, 7]], [4, [3, 1, 5]]]] 1258
0 [[[3, [3, 0, 10]], [2, [10, 6, 10]], [1, [9, 2, 2]], [2, [7, 0, 1]], [-7, [3, 7, 4]], [2, [4, 3, 3]], [7, [1, 10, 4]], [-2, [9, 5, 0]]], [[6, [10, 3, 5]], [-10, [5, 10, 1]], [-10, [7, 3, 6]], [-10, [6, 6, 7]], [-1, [2, 6, 7]], [2, [0, 3, 3]], [0, [3, 8, 3]], [-6, [10, 0, 7]], [-4, [8, 5, 3]]], [[-2, [2, 2, 5]]], [[-2, [2, 10, 9]], [6, [1, 4, 8]], [2, [2, 4, 10]], [2, [3, 2, 2]], [-4, [4, 1, 5]]], [[-5, [3, 1, 5]], [-2, [10, 3, 9]], [0, [7, 0, 4]], [6, [0, 6, 6]], [2, [8, 6, 2]], [6, [7, 6, 7]], [5, [2, 6, 1]], [-10, [5, 4, 3]]]] 8
0 [[[-3, [7, 7, 3]], [2, [0, 3, 10]], [-6, [5, 9, 7]], [2, [3, 6, 5]], [1, [10, 10, 10]], [7, [5, 4, 6]]], [[5, [6, 3, 5]], [2, [10, 5, 10]], [2, [1, 0, 5]], [-10, [4, 0, 3]], [1, [7, 5, 8]], [2, [6, 1, 8]], [-5, [9, 8, 7]], [6, [4, 0, 0]], [8, [9, 1, 10]], [-1, [8, 8, 1]]], [[-10, [10, 8, 1]], [-1, [4, 7, 7]], [7, [1, 6, 5]], [-3, [7, 0, 1]], [-7, [2, 1, 6]], [-5, [6, 2, 3]], [5, [1, 4, 7]]]] 824
0 [[[2, [8, 5, 2]]], [[0, [8, 8, 9]], [-2, [0, 6, 5]], [-10, [8, 7, 1]], [3, [8, 3, 1]]], [[7, [2, 3, 3]], [-1, [0, 8, 3]]], [[7, [8, 9, 10]], [-6, [10, 6, 1]]], [[-10, [5, 9, 9]], [6, [1, 5, 2]], [5, [4, 4, 6]]]] 3
0 [[[2, [0, 6, 4]], [10, [10, 6, 7]], [-1, [6, 2, 9]], [4, [8, 5, 10]], [-6, [3, 4, 7]]], [[-8, [4, 2, 1]], [-8, [7, 5, 3]], [5, [9, 1, 6]]], [[-3, [9, 4, 1]], [6, [1, 10, 5]], [5, [6, 5, 10]]]] 2989
0 [[[6, [7, 3, 5]], [5, [10, 9, 1]], [-4, [3, 7, 0]], [-9, [4, 5, 3]], [-2, [10, 7, 3]], [2, [8, 5, 2]], [-10, [1, 3, 8]], [0, [0, 6, 4]]]] 7
6 [[[-5, [7, 8, 5]], [6, [7, 10, 2]], [3, [5, 8, 0]]], [[-7, [1, 6, 10]]], [[6, [6, 9, 3]], [-3, [8, 4, 4]], [-5, [5, 5, 6]], [-7, [1, 0, 2]], [2, [6, 2, 8]], [9, [4, 6, 4]]]] -1
0 [[[0, [4, 6, 10]]], [[10, [1, 7, 1]], [-8, [8, 7, 0]], [7, [10, 4, 6]], [-9, [8, 6, 8]], [-10, [5, 2, 2]], [8, [1, 9, 10]]], [[-7, [0, 6, 7]]], [[-7, [3, 6, 3]], [-4, [5, 0, 6]], [-2, [10, 0, 1]], [7, [3, 10, 2]], [-5, [10, 3, 7]], [0, [4, 9, 2]]]] -1
6 [[[-9, [2, 9, 10]], [-2, [6, 5, 0]], [-8, [6, 3, 10]], [-2, [3, 3, 9]], [4, [6, 8, 1]], [-5, [6, 5, 2]], [-1, [3, 4, 0]], [3, [4, 5, 5]], [-4, [2, 3, 10]], [-9, [8, 0, 6]]], [[-7, [6, 0, 7]]], [[1, [9, 5, 5]]], [[-7, [0, 10, 5]], [2, [9, 5, 0]], [-9, [4, 1, 4]], [8, [2, 2, 9]]], [[-5, [6, 1, 10]], [-3, [7, 8, 3]], [-3, [4, 1, 9]], [8, [9, 0, 0]], [1, [4, 0, 3]], [-6, [3, 9, 2]], [-6, [0, 4, 2]], [8, [3, 10, 9]], [-6, [0, 0, 10]]]] -1
1 [[[-7, [7, 1, 8]], [8, [4, 0, 6]], [-5, [3, 4, 3]], [7, [5, 0, 9]], [1, [5, 7, 10]], [-2, [4, 4, 4]], [4, [10, 8, 6]], [3, [0, 9, 4]], [-4, [3, 2, 7]]], [[-7, [8, 4, 5]], [9, [3, 8, 0]], [-9, [4, 9, 4]], [10, [2, 6, 1]], [-10, [10, 8, 4]], [-2, [10, 5, 6]], [-2, [5, 0, 0]], [6, [5, 10, 10]], [2, [3, 8, 4]]], [[-4, [6, 3, 2]], [-2, [0, 5, 8]], [6, [9, 8, 2]], [-9, [4, 1, 7]], [3, [3, 3, 10]], [-4, [6, 2, 6]], [10, [3, 5, 1]], [7, [8, 4, 5]], [-6, [1, 8, 0]]], [[-5, [0, 9, 1]], [-2, [0, 1, 1]], [0, [9, 6, 0]], [3, [4, 3, 7]], [9, [9, 3, 6]], [6, [2, 10, 3]], [4, [8, 1, 5]], [10, [7, 4, 8]]], [[10, [8, 2, 9]]]] -1
5 [[[5, [4, 2, 7]], [2, [4, 4, 4]], [8, [1, 8, 1]], [5, [0, 4, 8]], [8, [1, 7, 5]]], [[9, [9, 8, 10]], [6, [9, 7, 4]], [-7, [6, 7, 6]], [3, [10, 5, 5]], [-9, [2, 4, 5]], [9, [9, 8, 0]], [9, [8, 8, 1]], [4, [4, 7, 10]]]] -1
3 [[[7, [0, 9, 3]], [-5, [2, 2, 9]], [-5, [10, 9, 0]], [-9, [8, 10, 7]], [8, [1, 7, 4]]], [[-9, [9, 6, 7]], [10, [8, 10, 2]], [9, [8, 7, 3]], [-9, [6, 9, 6]], [7, [5, 6, 5]], [3, [9, 9, 6]], [3, [3, 5, 1]], [-6, [6, 3, 4]], [-4, [5, 10, 8]], [10, [4, 6, 0]]], [[4, [7, 3, 6]], [-1, [5, 2, 10]], [2, [1, 2, 1]], [9, [3, 1, 10]], [-1, [2, 0, 1]], [-2, [6, 8, 9]], [-8, [9, 9, 7]]], [[-7, [2, 5, 10]], [-7, [3, 1, 7]]], [[2, [8, 6, 0]], [0, [2, 2, 6]], [-6, [3, 8, 7]], [1, [0, 4, 10]], [-1, [0, 5, 4]], [-8, [7, 9, 4]], [3, [7, 7, 6]]]] -1
4 [[[-4, [6, 5, 3]], [-2, [5, 7, 0]], [8, [7, 5, 10]], [-7, [3, 9, 3]]], [[6, [4, 8, 4]], [-5, [5, 7, 5]], [-4, [6, 8, 8]], [1, [1, 3, 3]], [2, [1, 1, 1]], [1, [8, 1, 7]], [10, [1, 5, 0]], [4, [0, 2, 1]], [2, [5, 3, 1]]]] -1
6 [[[3, [0, 1, 10]]], [[-9, [3, 1, 6]], [8, [1, 9, 2]], [-7, [2, 3, 4]], [10, [7, 10, 5]], [5, [7, 0, 1]], [-9, [10, 8, 8]]], [[1, [1, 0, 6]], [7, [0, 10, 3]], [-6, [4, 9, 10]], [-6, [0, 8, 2]], [-6, [4, 3, 4]], [-1, [3, 6, 7]], [7, [5, 10, 2]], [1, [8, 5, 10]]]] -1
3 [[[-2, [4, 10, 0]], [7, [9, 1, 0]], [4, [0, 5, 6]], [-7, [1, 6, 8]], [-10, [4, 4, 8]], [2, [5, 5, 0]]], [[4, [9, 7, 3]], [-2, [5, 1, 8]], [7, [10, 4, 0]], [5, [5, 8, 8]], [3, [0, 6, 9]], [-4, [6, 0, 3]], [9, [2, 5, 5]], [-1, [8, 9, 5]], [9, [0, 1, 0]], [9, [10, 8, 1]]], [[1, [2, 0, 6]], [7, [3, 4, 1]], [-3, [1, 7, 0]], [4, [2, 4, 6]], [1, [8, 4, 4]], [-6, [5, 6, 6]], [-3, [10, 6, 1]], [1, [3, 3, 7]]]] -1
1 [[[-8, [7, 1, 5]], [2, [8, 4, 10]], [6, [9, 3, 5]]], [[0, [10, 3, 9]], [3, [2, 10, 7]], [-8, [0, 10, 7]], [1, [5, 5, 0]], [2, [10, 7, 9]], [7, [9, 5, 9]], [-6, [8, 8, 9]], [-2, [4, 4, 1]], [-3, [9, 3, 2]]], [[-6, [10, 6, 4]], [9, [7, 2, 10]], [-8, [0, 2, 1]], [1, [9, 7, 7]], [1, [4, 2, 7]], [-6, [3, 6, 7]], [9, [9, 6, 6]], [7, [5, 1, 7]], [-10, [3, 2, 6]], [10, [5, 7, 10]]], [[9, [5, 4, 6]], [-6, [8, 1, 8]], [-6, [8, 4, 7]], [3, [5, 1, 4]], [-9, [1, 2, 0]], [2, [8, 2, 6]]], [[-10, [10, 7, 10]], [-1, [10, 9, 0]], [-9, [7, 0, 1]], [3, [6, 4, 7]], [-3, [9, 0, 3]]]] -1
5 [[[8, [9, 0, 8]], [7, [6, 8, 0]]], [[-7, [0, 8, 0]], [0, [0, 10, 2]], [-1, [1, 5, 10]], [1, [7, 5, 7]], [1, [7, 2, 0]], [-6, [8, 7, 8]], [5, [2, 8, 1]], [0, [7, 7, 1]], [-3, [3, 9, 7]]], [[-7, [2, 8, 9]], [6, [3, 1, 9]], [-4, [1, 0, 0]], [8, [6, 7, 5]], [8, [6, 6, 7]], [10, [4, 9, 6]], [3, [0, 1, 9]], [-9, [10, 4, 9]]]] -1
0 [[[-7, [5, 3, 8]], [9, [3, 3, 9]], [-7, [10, 6, 8]], [-10, [7, 1, 4]], [5, [6, 10, 3]], [5, [0, 4, 1]], [10, [4, 10, 3]], [1, [8, 4, 2]], [4, [8, 7, 4]], [6, [1, 9, 4]]], [[8, [3, 1, 5]], [7, [9, 10, 1]], [-8, [3, 7, 4]]], [[9, [5, 6, 2]]], [[-4, [3, 1, 2]], [0, [0, 3, 5]], [7, [4, 1, 4]], [4, [7, 6, 3]], [-9, [8, 2, 0]]], [[7, [2, 3, 7]], [-1, [1, 6, 0]], [4, [1, 3, 2]]]] -1
2 [[[-10, [9, 2, 8]], [-2, [6, 3, 5]]], [[9, [10, 7, 3]], [2, [9, 8, 6]], [-8, [2, 8, 8]], [-7, [8, 10, 6]], [8, [6, 0, 4]], [6, [2, 10, 5]], [10, [2, 9, 0]], [10, [1, 0, 6]], [-2, [3, 9, 0]], [-2, [4, 3, 8]]], [[-7, [8, 0, 6]], [5, [3, 4, 8]], [3, [9, 5, 4]], [-7, [1, 3, 10]], [-3, [0, 4, 2]], [1, [9, 10, 9]], [8, [0, 0, 7]], [-1, [6, 1, 4]], [7, [7, 4, 5]], [7, [10, 6, 3]]], [[10, [3, 7, 0]], [7, [1, 6, 0]], [9, [5, 8, 7]], [-9, [8, 6, 9]]]] -1
4 [[[-3, [7, 7, 6]], [-3, [8, 1, 6]], [3, [4, 10, 10]], [-8, [6, 0, 10]], [-7, [9, 8, 5]], [7, [6, 3, 3]], [5, [6, 9, 8]], [10, [9, 0, 4]]], [[9, [2, 9, 1]], [8, [2, 6, 0]], [-2, [8, 3, 6]], [-7, [10, 5, 8]], [-9, [7, 5, 1]], [9, [6, 2, 7]], [-2, [0, 6, 1]], [9, [2, 4, 2]], [-1, [8, 1, 10]]]] -1
6 [[[-2, [6, 10, 1]]], [[0, [7, 8, 2]], [6, [3, 9, 8]], [0, [7, 4, 2]], [2, [4, 7, 6]], [-3, [9, 10, 5]], [2, [8, 10, 10]], [1, [9, 0, 0]], [0, [4, 8, 9]], [6, [6, 10, 4]], [8, [8, 4, 3]]]] 7
4 [[[-4, [10, 0, 5]], [7, [9, 6, 0]], [4, [9, 5, 0]], [-6, [5, 3, 6]], [10, [0, 8, 1]], [0, [1, 2, 4]], [1, [1, 10, 10]], [2, [8, 8, 3]], [-4, [8, 0, 8]], [2, [9, 1, 0]]]] 9
3 [[[2, [1, 8, 3]], [-5, [4, 7, 10]], [8, [10, 7, 10]], [-4, [8, 2, 2]], [3, [4, 1, 4]], [5, [8, 8, 9]]], [[-4, [9, 4, 4]], [-1, [3, 0, 3]], [0, [4, 5, 8]], [-5, [6, 7, 6]], [0, [7, 10, 0]], [10, [5, 7, 3]], [-6, [7, 1, 9]], [-4, [3, 7, 7]], [-2, [6, 9, 2]]], [[-2, [1, 7, 10]], [-5, [7, 0, 8]], [-2, [9, 10, 0]], [6, [9, 1, 10]], [-10, [0, 1, 0]], [4, [0, 5, 7]], [-3, [6, 8, 3]], [2, [6, 0, 3]]]] 8
2 [[[-6, [10, 3, 3]], [4, [3, 9, 1]]], [[7, [1, 10, 6]], [2, [4, 3, 0]], [5, [5, 4, 7]], [-1, [4, 5, 7]]], [[10, [5, 9, 4]], [8, [4, 5, 0]], [-5, [7, 10, 4]], [-6, [1, 1, 10]], [-5, [10, 10, 7]], [10, [3, 10, 3]], [9, [10, 2, 1]], [-10, [10, 9, 5]], [-8, [6, 7, 10]], [-1, [6, 10, 9]]], [[-7, [1, 9, 8]], [10, [5, 7, 1]], [-5, [6, 9, 7]], [-10, [3, 8, 4]], [6, [7, 6, 9]], [0, [9, 4, 10]]]] -1
4 [[[-3, [0, 4, 6]], [8, [3, 1, 1]]]] 2
0 [[[5, [5, 1, 0]], [5, [7, 6, 0]], [-2, [7, 6, 1]], [-6, [1, 3, 7]], [-4, [7, 4, 6]], [8, [1, 0, 10]], [-10, [6, 7, 5]]], [[10, [8, 3, 1]], [-1, [3, 10, 2]], [-5, [6, 2, 5]], [-9, [1, 2, 4]], [-1, [2, 9, 6]], [4, [7, 10, 5]], [-5, [9, 3, 2]]]] 905
3 [[[-4, [1, 7, 6]], [7, [0, 3, 5]], [4, [10, 4, 10]]], [[6, [9, 6, 6]], [3, [10, 10, 5]], [2, [0, 8, 9]], [-4, [9, 7, 2]], [-9, [3, 2, 9]], [-5, [4, 6, 2]], [4, [10, 1, 0]], [0, [10, 6, 2]]], [[2, [1, 6, 6]], [-1, [7, 6, 8]], [2, [1, 9, 7]], [-7, [5, 5, 6]], [3, [2, 2, 2]], [-1, [1, 6, 4]], [3, [1, 4, 5]], [0, [3, 10, 3]]], [[4, [5, 2, 10]]]] 7
5 [[[6, [1, 0, 10]], [-3, [7, 8, 8]], [3, [3, 4, 9]], [-4, [1, 4, 10]], [9, [0, 7, 9]], [5, [4, 5, 10]], [5, [9, 8, 4]]], [[10, [9, 3, 6]], [0, [10, 1, 9]], [-8, [6, 4, 8]], [8, [0, 0, 1]]], [[-2, [6, 1, 2]], [1, [10, 3, 9]], [-7, [7, 6, 2]], [-5, [3, 6, 1]], [4, [7, 7, 5]], [6, [1, 5, 8]], [1, [10, 3, 9]], [10, [5, 1, 9]], [-10, [0, 9, 0]], [-10, [2, 10, 6]]], [[10, [10, 4, 0]], [2, [4, 6, 3]], [6, [6, 0, 5]], [-3, [7, 7, 3]], [-2, [0, 0, 2]], [-4, [10, 9, 1]], [-3, [8, 7, 10]], [0, [7, 4, 2]]]] 9
1 [[[5, [10, 6, 3]], [-8, [3, 3, 5]], [-2, [1, 9, 8]], [6, [7, 6, 5]]], [[1, [6, 5, 1]], [-7, [6, 5, 9]], [10, [9, 2, 4]], [9, [10, 6, 10]], [2, [5, 4, 6]]]] 411
0 [[[-10, [2, 2, 9]], [-2, [3, 5, 10]], [9, [7, 7, 7]], [-9, [3, 9, 1]], [-8, [1, 2, 3]], [4, [2, 4, 3]], [1, [2, 5, 1]], [0, [10, 1, 0]], [10, [8, 8, 3]], [-9, [9, 1, 1]]]] 9
3 [[[0, [7, 9, 3]], [8, [4, 2, 8]]], [[6, [8, 8, 4]], [1, [2, 2, 1]], [-7, [2, 10, 10]], [3, [1, 0, 8]], [3, [7, 8, 5]]], [[9, [1, 3, 7]]], [[-7, [4, 7, 1]], [-4, [1, 2, 2]], [6, [6, 8, 9]]]] 5
4 [[[0, [7, 10, 7]], [8, [6, 4, 6]], [-10, [3, 0, 3]], [-3, [9, 3, 4]], [-5, [7, 5, 8]]]] 4
3 [[[6, [10, 4, 7]]]] 1
0 [[[8, [6, 5, 6]], [9, [7, 6, 2]], [-8, [0, 1, 6]], [0, [2, 3, 0]], [4, [2, 4, 0]], [-5, [4, 0, 6]], [7, [8, 6, 1]], [-4, [7, 7, 10]], [6, [7, 3, 7]], [-3, [5, 2, 1]]], [[-3, [7, 10, 4]]], [[-2, [10, 1, 10]], [-4, [6, 10, 6]]], [[8, [8, 10, 10]], [-3, [6, 9, 4]], [-10, [3, 0, 2]]], [[-4, [9, 5, 3]], [5, [8, 0, 1]], [3, [9, 3, 1]], [-5, [1, 9, 1]], [7, [10, 8, 4]], [-5, [5, 4, 8]], [-5, [8, 2, 5]]]] 1184
0 [[[10, [10, 5, 0]], [4, [5, 10, 7]], [2, [9, 4, 5]]], [[0, [1, 10, 5]]]] 3
5 [[[5, [10, 6, 7]], [-6, [8, 10, 7]], [-1, [3, 6, 7]], [-4, [9, 2, 7]], [1, [1, 1, 2]], [9, [9, 9, 5]], [-1, [10, 7, 10]], [1, [2, 1, 9]]], [[1, [7, 4, 1]], [7, [8, 10, 1]]], [[9, [8, 10, 1]], [7, [5, 8, 0]], [-9, [3, 8, 10]], [9, [3, 10, 3]], [-8, [9, 8, 0]], [-8, [3, 0, 10]], [-6, [5, 9, 10]], [-6, [9, 9, 1]], [6, [9, 2, 4]]], [[6, [10, 5, 0]], [-2, [1, 7, 4]], [-2, [3, 2, 0]], [8, [3, 7, 9]], [-3, [6, 5, 4]], [-9, [4, 10, 4]]]] 9
0 [[[4, [10, 4, 9]], [-9, [0, 2, 6]], [-10, [9, 6, 4]], [-3, [6, 5, 8]], [-6, [8, 8, 1]], [10, [10, 0, 2]], [0, [2, 6, 10]], [-2, [7, 4, 4]], [5, [6, 10, 6]], [-9, [3, 3, 4]]], [[-1, [7, 7, 3]], [1, [3, 4, 9]], [3, [10, 3, 10]], [-3, [10, 4, 7]], [1, [1, 10, 10]], [8, [10, 3, 1]], [10, [1, 10, 2]], [8, [7, 9, 1]], [-8, [7, 7, 0]]], [[0, [3, 7, 6]]], [[3, [8, 3, 9]], [-3, [2, 8, 10]]], [[1, [9, 9, 2]], [-6, [4, 3, 6]]]] 852
1 [[[6, [5, 5, 3]], [-9, [9, 3, 5]], [6, [4, 7, 4]]], [[-4, [7, 10, 9]], [-3, [8, 0, 5]], [9, [3, 7, 0]], [-4, [2, 8, 10]], [1, [2, 5, 7]], [3, [9, 9, 0]], [-4, [0, 7, 1]], [7, [10, 0, 7]], [8, [4, 8, 2]]]] 34
1 [[[-5, [7, 8, 8]], [1, [5, 6, 3]], [4, [7, 5, 4]], [-10, [7, 10, 3]], [-9, [10, 7, 9]], [3, [0, 6, 6]], [0, [8, 2, 5]]], [[-5, [1, 6, 3]], [10, [0, 0, 1]], [-5, [1, 8, 2]], [5, [6, 8, 9]], [8, [6, 7, 4]], [6, [6, 5, 0]], [6, [6, 6, 9]], [-4, [2, 2, 3]], [-5, [8, 5, 8]], [6, [3, 1, 4]]], [[0, [1, 4, 9]]], [[7, [9, 2, 3]], [-6, [1, 5, 3]], [-8, [7, 0, 0]], [-5, [7, 0, 8]], [4, [0, 0, 7]], [1, [2, 0, 5]], [-6, [2, 2, 2]], [0, [10, 4, 0]], [1, [2, 7, 2]]]] 839
1 [[[-5, [10, 4, 2]], [8, [0, 1, 2]], [-10, [8, 6, 0]], [-1, [4, 2, 1]], [-10, [1, 8, 9]], [4, [4, 10, 9]], [-6, [3, 7, 4]], [-3, [3, 10, 10]], [8, [6, 6, 9]], [10, [4, 7, 10]]]] 10
0 [[[8, [2, 7, 9]], [-1, [10, 2, 8]], [4, [6, 3, 2]], [-7, [6, 2, 4]], [3, [1, 3, 6]], [-3, [10, 6, 7]]], [[-7, [0, 8, 4]], [8, [1, 1, 7]], [5, [3, 2, 7]], [9, [10, 7, 2]], [-1, [3, 10, 2]], [-1, [8, 1, 1]], [6, [3, 10, 3]], [7, [2, 8, 9]], [-6, [4, 10, 2]]]] 1632
2 [[[10, [7, 7, 1]], [5, [9, 7, 8]]], [[-5, [9, 7, 1]], [3, [9, 0, 5]], [3, [3, 6, 8]], [-6, [3, 3, 10]], [3, [8, 2, 1]]], [[-6, [0, 2, 2]], [-6, [6, 4, 5]], [2, [2, 0, 9]], [8, [10, 3, 9]], [3, [9, 7, 3]], [-8, [7, 7, 9]], [7, [10, 5, 9]], [4, [2, 8, 5]], [-5, [4, 4, 6]], [8, [9, 6, 2]]]] 923
0 [[[-2, [5, 0, 0]], [9, [3, 5, 0]]]] 2
0 [[[0, [7, 2, 2]], [-8, [2, 4, 4]], [7, [9, 2, 6]], [-3, [5, 1, 7]], [-10, [3, 7, 10]], [-6, [1, 10, 7]], [-4, [7, 4, 2]], [4, [1, 0, 10]]]] 7
5 [[[-1, [2, 5, 4]]], [[2, [1, 2, 1]], [-8, [8, 0, 5]], [-8, [7, 3, 10]], [0, [7, 4, 5]], [0, [0, 2, 8]], [4, [8, 2, 2]]], [[4, [3, 9, 4]], [-9, [7, 3, 3]], [-10, [1, 4, 3]], [-10, [7, 4, 10]], [-7, [7, 5, 7]], [-3, [9, 3, 1]]]] 899
1 [[[10, [9, 8, 2]], [-10, [8, 4, 2]], [3, [7, 1, 0]], [2, [4, 7, 0]], [-7, [0, 7, 0]], [-10, [1, 7, 10]]], [[-6, [10, 9, 8]], [0, [7, 3, 6]], [-3, [4, 10, 3]], [0, [0, 5, 8]], [-2, [8, 0, 6]]], [[8, [6, 1, 8]], [-9, [3, 9, 6]], [0, [6, 1, 8]], [-3, [6, 0, 1]], [10, [9, 8, 6]], [3, [8, 7, 9]], [-2, [2, 7, 1]], [3, [6, 2, 7]], [-1, [10, 4, 9]], [2, [7, 10, 5]]], [[2, [8, 2, 10]], [7, [9, 5, 6]], [-3, [2, 3, 7]], [6, [3, 3, 9]], [9, [10, 10, 5]], [-5, [8, 9, 3]]]] 901
0 [[[0, [7, 2, 5]], [3, [1, 10, 10]], [8, [5, 3, 4]], [2, [9, 4, 6]], [-5, [3, 0, 5]], [-5, [3, 6, 10]], [-8, [0, 8, 8]], [2, [8, 0, 5]], [4, [5, 10, 7]]], [[-8, [8, 2, 7]], [3, [0, 3, 0]], [6, [4, 1, 3]], [4, [4, 9, 3]], [-1, [7, 5, 9]], [6, [9, 6, 7]], [7, [6, 9, 4]]], [[9, [0, 1, 4]], [-9, [7, 7, 2]], [-9, [10, 1, 2]], [-9, [6, 0, 9]], [-8, [4, 2, 0]], [2, [3, 6, 10]], [7, [3, 6, 4]], [1, [1, 3, 8]], [10, [3, 9, 1]], [8, [4, 4, 10]]], [[-7, [2, 9, 3]], [-6, [10, 7, 1]], [1, [2, 6, 10]], [-7, [0, 0, 3]]], [[5, [6, 4, 5]], [4, [3, 7, 5]], [0, [0, 8, 6]], [-2, [1, 4, 3]], [-8, [0, 7, 1]], [-6, [8, 9, 6]], [1, [6, 10, 8]], [-10, [10, 6, 4]]]] 912
0 [[[7, [4, 2, 2]]]] 1
5 [[[4, [3, 6, 6]], [-5, [2, 7, 3]], [-8, [2, 10, 6]], [-9, [10, 2, 8]], [2, [4, 10, 6]]], [[7, [4, 2, 0]], [9, [7, 8, 5]]], [[-1, [4, 3, 0]], [-8, [6, 9, 8]], [1, [8, 9, 4]]], [[-9, [8, 6, 8]], [3, [7, 5, 7]], [-4, [9, 0, 6]], [-2, [2, 8, 1]]]] 5
0 [[[-9, [5, 1, 6]], [0, [1, 3, 4]], [0, [6, 4, 1]]], [[1, [4, 1, 2]], [0, [6, 6, 6]], [-2, [7, 3, 3]]], [[-7, [6, 1, 10]], [-5, [3, 9, 8]], [8, [9, 9, 7]], [-3, [8, 7, 3]], [5, [6, 6, 6]], [-4, [10, 1, 2]], [0, [0, 3, 2]], [5, [3, 9, 9]]]] 7
5 [[[2, [10, 8, 10]], [7, [7, 4, 5]], [-2, [10, 4, 3]], [8, [2, 0, 1]]]] 4
5 [[[-4, [5, 4, 10]], [9, [8, 4, 1]], [3, [3, 8, 2]], [7, [7, 9, 5]], [-7, [8, 0, 9]]], [[-3, [2, 8, 8]], [-7, [5, 7, 6]], [5, [8, 4, 10]], [4, [10, 2, 6]], [9, [0, 6, 4]], [5, [8, 0, 6]], [7, [0, 2, 3]], [5, [9, 3, 7]], [4, [8, 4, 8]]], [[8, [4, 8, 3]], [-3, [1, 4, 10]], [-6, [0, 5, 4]]], [[-8, [3, 10, 6]], [2, [4, 0, 8]], [3, [6, 8, 3]], [-6, [3, 8, 3]], [7, [2, 6, 0]], [6, [9, 4, 1]], [-7, [6, 10, 3]], [-7, [5, 6, 1]], [-1, [5, 3, 1]], [-4, [4, 1, 4]]]] 1787
6 [[[1, [9, 6, 10]], [3, [5, 6, 2]], [-8, [10, 1, 7]], [-8, [10, 9, 10]], [-7, [2, 3, 8]], [-9, [10, 1, 7]], [4, [4, 10, 1]], [-8, [9, 1, 5]], [5, [4, 6, 3]], [-1, [3, 0, 8]]], [[-6, [7, 2, 0]], [-4, [0, 4, 6]], [-2, [3, 1, 1]], [4, [4, 5, 1]], [-10, [2, 7, 3]], [6, [3, 6, 3]], [-9, [8, 7, 3]]], [[5, [8, 4, 9]], [1, [6, 1, 2]], [-10, [7, 4, 9]], [5, [2, 9, 7]], [-3, [1, 1, 7]], [-6, [6, 8, 8]], [1, [7, 3, 7]], [8, [6, 2, 0]], [8, [6, 10, 9]]], [[9, [6, 8, 7]], [1, [5, 8, 9]], [6, [5, 5, 2]], [-5, [2, 4, 1]], [0, [0, 9, 0]], [3, [7, 5, 1]], [2, [8, 9, 2]], [2, [9, 8, 7]], [-7, [10, 9, 5]]], [[9, [4, 5, 0]], [4, [4, 5, 5]], [-5, [8, 10, 6]], [3, [5, 4, 2]], [-2, [8, 0, 5]]]] 869
0 [[[-4, [6, 1, 5]], [5, [3, 3, 9]], [9, [0, 2, 4]], [0, [5, 8, 2]], [1, [1, 0, 2]], [-3, [9, 10, 3]], [4, [8, 7, 1]]], [[-2, [9, 1, 8]], [6, [1, 4, 6]]], [[9, [3, 10, 0]], [4, [4, 7, 2]], [-10, [2, 6, 9]], [7, [2, 7, 9]], [8, [0, 3, 7]], [-3, [3, 2, 1]]], [[-6, [5, 5, 9]], [0, [6, 6, 7]], [-8, [7, 8, 5]], [5, [1, 7, 6]]], [[-6, [7, 1, 6]], [-3, [6, 2, 4]], [-4, [4, 9, 9]], [6, [0, 3, 10]], [-8, [1, 3, 0]]]] 1530
1 [[[6, [9, 1, 5]], [6, [7, 3, 5]], [2, [7, 4, 3]], [-9, [3, 2, 8]], [7, [9, 1, 3]], [-5, [4, 4, 9]], [-9, [9, 0, 7]]], [[-8, [2, 6, 1]]], [[-10, [2, 5, 7]], [-8, [0, 2, 1]], [7, [0, 5, 5]], [-5, [6, 9, 3]], [-7, [10, 5, 1]], [-5, [5, 2, 5]]]] 8
0 [[[-3, [10, 8, 5]], [2, [1, 0, 8]], [10, [3, 7, 8]], [6, [6, 0, 4]], [8, [1, 3, 4]]], [[-2, [3, 1, 9]], [5, [7, 8, 0]]], [[-9, [5, 7, 5]], [4, [9, 6, 4]], [7, [8, 4, 9]], [-4, [8, 9, 2]], [8, [8, 10, 5]], [-1, [10, 7, 2]], [-1, [3, 5, 5]], [-3, [10, 7, 3]], [4, [9, 3, 5]]], [[8, [10, 6, 6]], [-8, [1, 5, 6]], [-1, [4, 6, 6]], [2, [3, 9, 4]], [4, [0, 1, 10]]], [[3, [6, 8, 1]], [0, [9, 7, 9]], [-7, [1, 0, 6]], [-5, [4, 6, 10]], [5, [2, 7, 8]], [10, [4, 2, 7]], [-2, [4, 1, 7]], [1, [6, 5, 8]], [-2, [2, 4, 1]], [0, [10, 8, 2]]]] 3393
6 [[[7, [0, 6, 7]], [-8, [9, 1, 2]], [-7, [0, 7, 2]], [1, [5, 2, 1]], [2, [7, 3, 9]], [-6, [10, 10, 4]], [7, [10, 0, 2]], [-5, [3, 3, 7]], [7, [8, 10, 1]]], [[-1, [1, 6, 0]]], [[3, [7, 6, 1]], [6, [7, 5, 4]], [5, [7, 1, 0]], [0, [8, 6, 6]], [-7, [0, 2, 4]]], [[-1, [6, 6, 9]]]] 11
2 [[[-3, [4, 7, 1]], [-8, [2, 8, 9]], [4, [2, 5, 6]], [-7, [6, 4, 9]], [0, [5, 9, 2]], [2, [6, 10, 8]], [7, [0, 0, 9]]], [[8, [9, 7, 7]], [8, [6, 0, 5]], [8, [0, 4, 4]], [-3, [9, 2, 4]], [1, [8, 6, 4]], [9, [0, 7, 3]]], [[3, [2, 3, 8]], [-5, [1, 9, 1]], [-6, [10, 2, 2]], [3, [10, 10, 9]], [-9, [1, 2, 10]], [3, [3, 6, 7]], [-10, [1, 9, 0]], [-6, [0, 0, 6]]], [[-9, [1, 3, 8]], [-9, [8, 9, 0]], [-4, [7, 2, 3]], [-10, [4, 4, 4]], [-6, [8, 1, 8]]]] 800
4 [[[-3, [5, 3, 0]], [4, [9, 4, 7]], [-3, [1, 3, 0]], [-6, [4, 0, 8]], [0, [0, 8, 7]], [-6, [7, 2, 1]], [0, [8, 6, 7]], [2, [8, 6, 10]], [7, [9, 5, 3]], [0, [6, 1, 4]]], [[-3, [9, 7, 0]], [4, [3, 7, 10]], [-1, [3, 3, 10]], [10, [2, 2, 6]], [-3, [6, 2, 3]], [10, [2, 10, 5]], [3, [6, 2, 3]], [-8, [8, 3, 9]], [-4, [5, 1, 3]], [6, [0, 10, 6]]], [[-3, [8, 7, 1]], [8, [3, 10, 7]], [3, [7, 8, 10]], [-2, [0, 8, 1]]]] 5711
0 [[[2, [4, 1, 0]], [-9, [1, 10, 2]], [-1, [0, 6, 1]]], [[-1, [10, 3, 1]], [-9, [3, 10, 9]], [-5, [2, 0, 6]], [-4, [3, 7, 9]], [-7, [6, 8, 8]], [0, [0, 0, 10]], [10, [5, 4, 0]], [6, [6, 9, 9]], [-8, [7, 6, 5]]], [[4, [10, 0, 2]], [-5, [4, 10, 10]]], [[2, [6, 7, 9]], [-7, [8, 0, 2]], [-2, [2, 9, 1]], [-6, [1, 1, 2]], [8, [10, 5, 7]], [6, [4, 3, 1]]]] 15671
4 [[[-6, [7, 4, 2]], [-5, [2, 8, 6]]], [[-7, [5, 1, 0]], [-5, [1, 7, 10]], [2, [7, 1, 6]], [-7, [5, 0, 0]]], [[1, [10, 1, 9]], [7, [1, 0, 8]], [-9, [5, 2, 3]], [-9, [0, 0, 1]], [-6, [7, 0, 10]], [3, [0, 8, 8]], [10, [4, 5, 1]], [-10, [2, 0, 9]]]] 8
0 [[[-6, [3, 0, 10]], [-3, [6, 0, 10]], [-5, [1, 10, 4]], [-9, [3, 3, 2]], [7, [3, 3, 6]], [-2, [8, 6, 6]], [-3, [6, 6, 10]], [-3, [10, 7, 8]], [5, [2, 9, 9]]], [[-2, [6, 3, 9]], [8, [2, 2, 4]], [7, [7, 10, 10]], [1, [8, 7, 7]]], [[-2, [9, 2, 9]], [10, [7, 4, 4]], [2, [5, 6, 8]]]] 2612
1 [[[-10, [8, 6, 4]], [-5, [2, 6, 2]], [-5, [5, 7, 3]], [-9, [1, 9, 8]], [2, [1, 5, 5]], [1, [5, 2, 2]], [6, [10, 7, 8]], [-8, [2, 10, 0]]], [[4, [6, 9, 6]], [-4, [10, 3, 3]], [10, [9, 7, 2]], [-2, [3, 1, 7]], [3, [3, 3, 6]], [4, [7, 10, 2]], [-7, [3, 7, 9]], [-3, [2, 5, 7]], [0, [8, 5, 9]], [-9, [3, 8, 10]]], [[-6, [4, 5, 6]], [10, [9, 7, 6]], [-2, [10, 10, 9]], [2, [7, 0, 9]]]] 1055
0 [[[8, [6, 3, 9]], [-4, [2, 9, 2]], [8, [6, 9, 3]]], [[-1, [10, 4, 3]], [8, [5, 2, 4]], [2, [1, 8, 8]], [-1, [3, 10, 1]], [7, [4, 9, 8]], [9, [8, 8, 7]], [-7, [8, 0, 6]]], [[-7, [5, 8, 3]], [0, [6, 6, 2]], [1, [6, 4, 4]], [-5, [10, 0, 10]]], [[-3, [5, 7, 1]]], [[-7, [3, 7, 5]], [0, [8, 8, 5]]]] 7
0 [[[7, [10, 6, 2]], [8, [6, 3, 9]], [-1, [2, 3, 8]]], [[-10, [8, 5, 7]], [5, [10, 2, 0]], [9, [3, 10, 9]], [-8, [7, 7, 6]], [5, [9, 6, 9]]], [[-8, [10, 5, 8]], [-8, [10, 4, 2]], [-1, [10, 3, 5]], [8, [2, 2, 3]], [-10, [0, 2, 0]]], [[6, [5, 8, 1]], [-3, [2, 2, 6]], [-10, [1, 2, 7]], [-7, [1, 8, 2]], [9, [5, 5, 9]], [-4, [1, 7, 0]], [4, [8, 8, 6]], [-5, [2, 5, 0]]], [[-3, [2, 1, 5]], [-7, [4, 5, 3]], [8, [0, 6, 9]], [6, [9, 2, 10]]]] 965
